--------[ 2017-03-01 12:00:00 ] # in Japan 

L.vdc.tdc.hits = 6
L.vdc.nwires = 368
L.vdc.wire.spacing = -0.0042426
L.vdc.tdc.min = 800
L.vdc.tdc.max = 2200
L.vdc.tdc.res = 5e-10
L.vdc.ttd.param =
    2.12e-03   0.00e+00   0.00e+00   0.00e+00
   -4.20e-04   1.30e-03   1.06e-04   0.00e+00
    4.00e-09
L.vdc.t0.res = 6e-08
L.vdc.clust.minsize = 3
L.vdc.clust.maxspan = 7
L.vdc.maxgap = 0
L.vdc.tdiff.min = 3e-08
L.vdc.tdiff.max = 2.0e-07
L.vdc.u1.detmap =
     4   10    0   95    0
     4    9    0   95   96
     4    8    0   95  192
     4    7    0   79  288
L.vdc.u1.position = 0  0  0
L.vdc.u1.wire.start = 0.77852
L.vdc.u1.wire.angle = -45
L.vdc.u1.driftvel = 49280
L.vdc.u1.tdc.offsets =
     1944    1944    1944    1944    1944    1944    1944    1944
     1944    1944    1944    1944    1944    1944    1944    1944
     1944    1944    1944    1944    1944    1944    1944    1944
     1944    1944    1944    1944    1944    1944    1944    1944
   1944.7  1944.7  1944.7  1944.7  1944.7  1944.7  1944.7  1944.7
   1944.7  1944.7  1944.7  1944.7  1944.7  1944.7  1944.7  1944.7
   1945.5  1945.5  1945.5  1945.5  1945.5  1945.5  1945.5  1945.5
   1945.5  1945.5  1945.5  1945.5  1945.5  1945.5  1945.5  1945.5
   1945.6  1945.6  1945.6  1945.6  1945.6  1945.6  1945.6  1945.6
   1945.6  1945.6  1945.6  1945.6  1945.6  1945.6  1945.6  1945.6
   1946.1  1946.1  1946.1  1946.1  1946.1  1946.1  1946.1  1946.1
   1946.1  1946.1  1946.1  1946.1  1946.1  1946.1  1946.1  1946.1
   1950.4  1950.4  1950.4  1950.4  1950.4  1950.4  1950.4  1950.4
   1950.4  1950.4  1950.4  1950.4  1950.4  1950.4  1950.4  1950.4
   1948.9  1948.9  1948.9  1948.9  1948.9  1948.9  1948.9  1948.9
   1948.9  1948.9  1948.9  1948.9  1948.9  1948.9  1948.9  1948.9
   1948.1  1948.1  1948.1  1948.1  1948.1  1948.1  1948.1  1948.1
   1948.1  1948.1  1948.1  1948.1  1948.1  1948.1  1948.1  1948.1
   1946.7  1946.7  1946.7  1946.7  1946.7  1946.7  1946.7  1946.7
   1946.7  1946.7  1946.7  1946.7  1946.7  1946.7  1946.7  1946.7
   1943.7  1943.7  1943.7  1943.7  1943.7  1943.7  1943.7  1943.7
   1943.7  1943.7  1943.7  1943.7  1943.7  1943.7  1943.7  1943.7
   1942.8  1942.8  1942.8  1942.8  1942.8  1942.8  1942.8  1942.8
   1942.8  1942.8  1942.8  1942.8  1942.8  1942.8  1942.8  1942.8
   1950.5  1950.5  1950.5  1950.5  1950.5  1950.5  1950.5  1950.5
   1950.5  1950.5  1950.5  1950.5  1950.5  1950.5  1950.5  1950.5
   1946.6  1946.6  1946.6  1946.6  1946.6  1946.6  1946.6  1946.6
   1946.6  1946.6  1946.6  1946.6  1946.6  1946.6  1946.6  1946.6
   1949.7  1949.7  1949.7  1949.7  1949.7  1949.7  1949.7  1949.7
   1949.7  1949.7  1949.7  1949.7  1949.7  1949.7  1949.7  1949.7
   1947.4  1947.4  1947.4  1947.4  1947.4  1947.4  1947.4  1947.4
   1947.4  1947.4  1947.4  1947.4  1947.4  1947.4  1947.4  1947.4
   1950.2  1950.2  1950.2  1950.2  1950.2  1950.2  1950.2  1950.2
   1950.2  1950.2  1950.2  1950.2  1950.2  1950.2  1950.2  1950.2
   1950.3  1950.3  1950.3  1950.3  1950.3  1950.3  1950.3  1950.3
   1950.3  1950.3  1950.3  1950.3  1950.3  1950.3  1950.3  1950.3
   1951.6  1951.6  1951.6  1951.6  1951.6  1951.6  1951.6  1951.6
   1951.6  1951.6  1951.6  1951.6  1951.6  1951.6  1951.6  1951.6
   1949.8  1949.8  1949.8  1949.8  1949.8  1949.8  1949.8  1949.8
   1949.8  1949.8  1949.8  1949.8  1949.8  1949.8  1949.8  1949.8
     1950    1950    1950    1950    1950    1950    1950    1950
     1950    1950    1950    1950    1950    1950    1950    1950
     1950    1950    1950    1950    1950    1950    1950    1950
     1950    1950    1950    1950    1950    1950    1950    1950
     1950    1950    1950    1950    1950    1950    1950    1950
     1950    1950    1950    1950    1950    1950    1950    1950
L.vdc.v1.detmap =
     5   20    0   95    0
     5   19    0   95   96
     5   18    0   95  192
     5   17    0   79  288
L.vdc.v1.position = 0  0  0.026
L.vdc.v1.wire.start = 0.77852
L.vdc.v1.wire.angle = 45
L.vdc.v1.driftvel = 49130
L.vdc.v1.tdc.offsets =
     1952    1952    1952    1952    1952    1952    1952    1952
     1952    1952    1952    1952    1952    1952    1952    1952
     1952    1952    1952    1952    1952    1952    1952    1952
     1952    1952    1952    1952    1952    1952    1952    1952
   1952.7  1952.7  1952.7  1952.7  1952.7  1952.7  1952.7  1952.7
   1952.7  1952.7  1952.7  1952.7  1952.7  1952.7  1952.7  1952.7
   1946.7  1946.7  1946.7  1946.7  1946.7  1946.7  1946.7  1946.7
   1946.7  1946.7  1946.7  1946.7  1946.7  1946.7  1946.7  1946.7
   1949.9  1949.9  1949.9  1949.9  1949.9  1949.9  1949.9  1949.9
   1949.9  1949.9  1949.9  1949.9  1949.9  1949.9  1949.9  1949.9
   1948.4  1948.4  1948.4  1948.4  1948.4  1948.4  1948.4  1948.4
   1948.4  1948.4  1948.4  1948.4  1948.4  1948.4  1948.4  1948.4
   1956.7  1956.7  1956.7  1956.7  1956.7  1956.7  1956.7  1956.7
   1956.7  1956.7  1956.7  1956.7  1956.7  1956.7  1956.7  1956.7
   1955.2  1955.2  1955.2  1955.2  1955.2  1955.2  1955.2  1955.2
   1955.2  1955.2  1955.2  1955.2  1955.2  1955.2  1955.2  1955.2
   1956.3  1956.3  1956.3  1956.3  1956.3  1956.3  1956.3  1956.3
   1956.3  1956.3  1956.3  1956.3  1956.3  1956.3  1956.3  1956.3
   1949.2  1949.2  1949.2  1949.2  1949.2  1949.2  1949.2  1949.2
   1949.2  1949.2  1949.2  1949.2  1949.2  1949.2  1949.2  1949.2
   1953.3  1953.3  1953.3  1953.3  1953.3  1953.3  1953.3  1953.3
   1953.3  1953.3  1953.3  1953.3  1953.3  1953.3  1953.3  1953.3
   1950.2  1950.2  1950.2  1950.2  1950.2  1950.2  1950.2  1950.2
   1950.2  1950.2  1950.2  1950.2  1950.2  1950.2  1950.2  1950.2
   1954.1  1954.1  1954.1  1954.1  1954.1  1954.1  1954.1  1954.1
   1954.1  1954.1  1954.1  1954.1  1954.1  1954.1  1954.1  1954.1
   1954.8  1954.8  1954.8  1954.8  1954.8  1954.8  1954.8  1954.8
   1954.8  1954.8  1954.8  1954.8  1954.8  1954.8  1954.8  1954.8
   1953.1  1953.1  1953.1  1953.1  1953.1  1953.1  1953.1  1953.1
   1953.1  1953.1  1953.1  1953.1  1953.1  1953.1  1953.1  1953.1
   1956.7  1956.7  1956.7  1956.7  1956.7  1956.7  1956.7  1956.7
   1956.7  1956.7  1956.7  1956.7  1956.7  1956.7  1956.7  1956.7
   1957.6  1957.6  1957.6  1957.6  1957.6  1957.6  1957.6  1957.6
   1957.6  1957.6  1957.6  1957.6  1957.6  1957.6  1957.6  1957.6
   1957.6  1957.6  1957.6  1957.6  1957.6  1957.6  1957.6  1957.6
   1957.6  1957.6  1957.6  1957.6  1957.6  1957.6  1957.6  1957.6
   1962.4  1962.4  1962.4  1962.4  1962.4  1962.4  1962.4  1962.4
   1962.4  1962.4  1962.4  1962.4  1962.4  1962.4  1962.4  1962.4
   1957.9  1957.9  1957.9  1957.9  1957.9  1957.9  1957.9  1957.9
   1957.9  1957.9  1957.9  1957.9  1957.9  1957.9  1957.9  1957.9
     1958    1958    1958    1958    1958    1958    1958    1958
     1958    1958    1958    1958    1958    1958    1958    1958
     1958    1958    1958    1958    1958    1958    1958    1958
     1958    1958    1958    1958    1958    1958    1958    1958
     1958    1958    1958    1958    1958    1958    1958    1958
     1958    1958    1958    1958    1958    1958    1958    1958
L.vdc.u2.detmap =
     4    3    0   95    0
     4    4    0   95   96
     4    5    0   95  192
     4    6    0   79  288
L.vdc.u2.position = 0  0  0.3348
L.vdc.u2.wire.start = 1.02718
L.vdc.u2.wire.angle = -45
L.vdc.u2.driftvel = 49730
L.vdc.u2.tdc.offsets =
     1936    1936    1936    1936    1936    1936    1936    1936
     1936    1936    1936    1936    1936    1936    1936    1936
   1936.5  1936.5  1936.5  1936.5  1936.5  1936.5  1936.5  1936.5
   1936.5  1936.5  1936.5  1936.5  1936.5  1936.5  1936.5  1936.5
     1937    1937    1937    1937    1937    1937    1937    1937
     1937    1937    1937    1937    1937    1937    1937    1937
   1935.4  1935.4  1935.4  1935.4  1935.4  1935.4  1935.4  1935.4
   1935.4  1935.4  1935.4  1935.4  1935.4  1935.4  1935.4  1935.4
   1931.8  1931.8  1931.8  1931.8  1931.8  1931.8  1931.8  1931.8
   1931.8  1931.8  1931.8  1931.8  1931.8  1931.8  1931.8  1931.8
   1933.8  1933.8  1933.8  1933.8  1933.8  1933.8  1933.8  1933.8
   1933.8  1933.8  1933.8  1933.8  1933.8  1933.8  1933.8  1933.8
   1947.3  1947.3  1947.3  1947.3  1947.3  1947.3  1947.3  1947.3
   1947.3  1947.3  1947.3  1947.3  1947.3  1947.3  1947.3  1947.3
     1943    1943    1943    1943    1943    1943    1943    1943
     1943    1943    1943    1943    1943    1943    1943    1943
   1942.9  1942.9  1942.9  1942.9  1942.9  1942.9  1942.9  1942.9
   1942.9  1942.9  1942.9  1942.9  1942.9  1942.9  1942.9  1942.9
   1938.2  1938.2  1938.2  1938.2  1938.2  1938.2  1938.2  1938.2
   1938.2  1938.2  1938.2  1938.2  1938.2  1938.2  1938.2  1938.2
   1940.1  1940.1  1940.1  1940.1  1940.1  1940.1  1940.1  1940.1
   1940.1  1940.1  1940.1  1940.1  1940.1  1940.1  1940.1  1940.1
   1940.8  1940.8  1940.8  1940.8  1940.8  1940.8  1940.8  1940.8
   1940.8  1940.8  1940.8  1940.8  1940.8  1940.8  1940.8  1940.8
   1944.2  1944.2  1944.2  1944.2  1944.2  1944.2  1944.2  1944.2
   1944.2  1944.2  1944.2  1944.2  1944.2  1944.2  1944.2  1944.2
   1943.2  1943.2  1943.2  1943.2  1943.2  1943.2  1943.2  1943.2
   1943.2  1943.2  1943.2  1943.2  1943.2  1943.2  1943.2  1943.2
   1944.5  1944.5  1944.5  1944.5  1944.5  1944.5  1944.5  1944.5
   1944.5  1944.5  1944.5  1944.5  1944.5  1944.5  1944.5  1944.5
   1942.3  1942.3  1942.3  1942.3  1942.3  1942.3  1942.3  1942.3
   1942.3  1942.3  1942.3  1942.3  1942.3  1942.3  1942.3  1942.3
     1943    1943    1943    1943    1943    1943    1943    1943
     1943    1943    1943    1943    1943    1943    1943    1943
   1943.8  1943.8  1943.8  1943.8  1943.8  1943.8  1943.8  1943.8
   1943.8  1943.8  1943.8  1943.8  1943.8  1943.8  1943.8  1943.8
   1948.5  1948.5  1948.5  1948.5  1948.5  1948.5  1948.5  1948.5
   1948.5  1948.5  1948.5  1948.5  1948.5  1948.5  1948.5  1948.5
   1945.6  1945.6  1945.6  1945.6  1945.6  1945.6  1945.6  1945.6
   1945.6  1945.6  1945.6  1945.6  1945.6  1945.6  1945.6  1945.6
   1945.4  1945.4  1945.4  1945.4  1945.4  1945.4  1945.4  1945.4
   1945.4  1945.4  1945.4  1945.4  1945.4  1945.4  1945.4  1945.4
     1945    1945    1945    1945    1945    1945    1945    1945
     1945    1945    1945    1945    1945    1945    1945    1945
     1945    1945    1945    1945    1945    1945    1945    1945
     1945    1945    1945    1945    1945    1945    1945    1945
L.vdc.v2.detmap =
     5   24    0   95    0
     5   23    0   95   96
     5   22    0   95  192
     5   21    0   79  288
L.vdc.v2.position = 0  0  0.3609
L.vdc.v2.wire.start = 1.02718
L.vdc.v2.wire.angle = 45
L.vdc.v2.driftvel = 49190
L.vdc.v2.tdc.offsets =
     1948    1948    1948    1948    1948    1948    1948    1948
     1948    1948    1948    1948    1948    1948    1948    1948
     1948    1948    1948    1948    1948    1948    1948    1948
     1948    1948    1948    1948    1948    1948    1948    1948
   1948.9  1948.9  1948.9  1948.9  1948.9  1948.9  1948.9  1948.9
   1948.9  1948.9  1948.9  1948.9  1948.9  1948.9  1948.9  1948.9
   1944.1  1944.1  1944.1  1944.1  1944.1  1944.1  1944.1  1944.1
   1944.1  1944.1  1944.1  1944.1  1944.1  1944.1  1944.1  1944.1
   1947.1  1947.1  1947.1  1947.1  1947.1  1947.1  1947.1  1947.1
   1947.1  1947.1  1947.1  1947.1  1947.1  1947.1  1947.1  1947.1
   1947.1  1947.1  1947.1  1947.1  1947.1  1947.1  1947.1  1947.1
   1947.1  1947.1  1947.1  1947.1  1947.1  1947.1  1947.1  1947.1
   1953.1  1953.1  1953.1  1953.1  1953.1  1953.1  1953.1  1953.1
   1953.1  1953.1  1953.1  1953.1  1953.1  1953.1  1953.1  1953.1
   1953.3  1953.3  1953.3  1953.3  1953.3  1953.3  1953.3  1953.3
   1953.3  1953.3  1953.3  1953.3  1953.3  1953.3  1953.3  1953.3
   1950.7  1950.7  1950.7  1950.7  1950.7  1950.7  1950.7  1950.7
   1950.7  1950.7  1950.7  1950.7  1950.7  1950.7  1950.7  1950.7
   1945.9  1945.9  1945.9  1945.9  1945.9  1945.9  1945.9  1945.9
   1945.9  1945.9  1945.9  1945.9  1945.9  1945.9  1945.9  1945.9
   1945.2  1945.2  1945.2  1945.2  1945.2  1945.2  1945.2  1945.2
   1945.2  1945.2  1945.2  1945.2  1945.2  1945.2  1945.2  1945.2
   1947.3  1947.3  1947.3  1947.3  1947.3  1947.3  1947.3  1947.3
   1947.3  1947.3  1947.3  1947.3  1947.3  1947.3  1947.3  1947.3
   1955.3  1955.3  1955.3  1955.3  1955.3  1955.3  1955.3  1955.3
   1955.3  1955.3  1955.3  1955.3  1955.3  1955.3  1955.3  1955.3
   1948.5  1948.5  1948.5  1948.5  1948.5  1948.5  1948.5  1948.5
   1948.5  1948.5  1948.5  1948.5  1948.5  1948.5  1948.5  1948.5
   1948.5  1948.5  1948.5  1948.5  1948.5  1948.5  1948.5  1948.5
   1948.5  1948.5  1948.5  1948.5  1948.5  1948.5  1948.5  1948.5
   1949.3  1949.3  1949.3  1949.3  1949.3  1949.3  1949.3  1949.3
   1949.3  1949.3  1949.3  1949.3  1949.3  1949.3  1949.3  1949.3
   1951.2  1951.2  1951.2  1951.2  1951.2  1951.2  1951.2  1951.2
   1951.2  1951.2  1951.2  1951.2  1951.2  1951.2  1951.2  1951.2
   1949.4  1949.4  1949.4  1949.4  1949.4  1949.4  1949.4  1949.4
   1949.4  1949.4  1949.4  1949.4  1949.4  1949.4  1949.4  1949.4
   1955.4  1955.4  1955.4  1955.4  1955.4  1955.4  1955.4  1955.4
   1955.4  1955.4  1955.4  1955.4  1955.4  1955.4  1955.4  1955.4
   1950.6  1950.6  1950.6  1950.6  1950.6  1950.6  1950.6  1950.6
   1950.6  1950.6  1950.6  1950.6  1950.6  1950.6  1950.6  1950.6
   1957.3  1957.3  1957.3  1957.3  1957.3  1957.3  1957.3  1957.3
   1957.3  1957.3  1957.3  1957.3  1957.3  1957.3  1957.3  1957.3
     1957    1957    1957    1957    1957    1957    1957    1957
     1957    1957    1957    1957    1957    1957    1957    1957
     1957    1957    1957    1957    1957    1957    1957    1957
     1957    1957    1957    1957    1957    1957    1957    1957
L.vdc.matrixelem = 
  t 0 0 0 -1.001135e+00 -3.313373e-01 -4.290819e-02  4.470852e-03
  y 0 0 0 -8.060915e-03  1.071977e-03  9.019102e-04 -3.239615e-04
  p 0 0 0 -2.861912e-03 -2.469069e-03  8.427172e-03  2.274635e-03
  D 0 0 0  5.118113e-04  8.522775e-02  6.346834e-03 -4.637195e-03  1.476364e-02
  D 1 0 0 -4.247550e-02  2.417700e-01  5.706905e-02 -4.025159e-03
  D 2 0 0 -4.331429e+00  5.326924e+00 -7.478135e+00
  D 3 0 0  3.167055e+01  9.678060e+01
  D 4 0 0 -8.475406e+03
  D 0 0 2  1.657123e-01 -8.826997e-01  3.245634e+00
  D 0 2 0  8.754870e-01  5.443126e-01  4.792556e+00
  D 0 1 1 -1.486998e-01  1.204271e+00  6.101041e-01
  D 1 2 0 -6.488178e+01  2.017449e+00
  D 1 0 2  6.270685e+00 -6.204080e+01
  D 1 1 1  4.413440e+00 -6.221572e+01
  D 2 0 2 -1.306661e+01
  D 2 1 1 -2.466953e+03
  D 2 2 0 -3.635787e+02
  D 0 1 3  2.868957e+02
  D 0 3 1  1.584274e+03
  D 0 0 4 -4.392377e+01
  D 0 4 0 -4.708602e+02
  D 0 2 2 -1.706259e+03
  T 0 1 1  1.783506e-02  1.150902e-02  3.780249e-01
  T 1 1 1 -1.273165e+01  1.098221e+00
  T 0 0 2  4.859896e-01  2.281832e-01 -2.116492e-01
  T 1 0 2 -5.997432e+00
  T 0 2 0  6.071349e-02  1.765667e-01
  T 1 2 0 -4.071820e+00
  T 0 4 0  8.343406e+01
  T 0 0 4 -1.414436e+02
  T 0 2 2 -1.597336e+02
  T 0 1 3 -9.753669e+01
  T 0 3 1 -8.371638e+01
  T 0 0 0 -1.781180e-05  1.861739e-03 -5.857662e-03  6.576220e-03  1.734984e-02
  T 1 0 0 -2.495559e+00  5.845019e-01 -4.126369e-02  2.319888e-02
  T 2 0 0 -5.160508e+00  3.238597e+00 -1.188220e+00
  T 3 0 0  7.645210e+01 -7.471848e+01
  P 0 0 1 -6.416418e-01 -1.516061e-01  2.376793e-01 -7.524555e-02
  P 0 1 0 -3.354223e-01  3.461923e-01 -6.407068e-02  4.204996e-02
  P 1 0 1  5.089909e+00 -1.010931e+00  1.544407e+00
  P 1 1 0  2.746141e+00  7.610928e-01 -8.872338e-01
  P 2 0 1 -1.471478e+01 -1.285734e+02
  P 2 1 0 -1.109194e+02  5.348928e+01
  P 3 0 1  3.620597e+02
  P 0 0 3  1.281770e+01  4.706476e+00
  P 0 1 2 -1.453998e+01 -3.866963e+01
  P 0 2 1  7.417100e-02 -1.332939e+00
  P 0 3 0 -6.185484e+00 -7.713538e+00
  P 1 0 3 -1.233495e+02
  P 1 1 2 -1.324530e+02
  P 1 2 1 -1.108132e+02
  P 1 3 0 -3.740639e+01
  P 0 0 0  3.272442e-04  2.741277e-04 -3.420950e-03 -1.728306e-03
  P 1 0 0 -1.474144e-03 -5.326865e-03  3.790039e-02
  P 2 0 0  2.344971e-01 -4.981099e-01
  P 3 0 0  5.473117e+00
  Y 0 0 1  8.092990e-01 -1.167929e+00 -5.895361e-01  7.600874e-02
  Y 0 1 0 -1.169248e+00 -7.862431e-01  1.309174e-01  4.636294e-02
  Y 1 0 1 -6.250697e-01 -7.839682e+00 -1.870098e+00
  Y 1 1 0 -1.228098e+01 -7.547900e-01 -9.910216e-01
  Y 2 0 1  4.202017e+02  2.384554e+02
  Y 2 1 0  3.491839e+02 -1.316841e+02
  Y 0 0 2  7.167353e-01  3.023864e-02 -6.472063e-03
  Y 0 2 0 -1.465311e-01  1.476859e-01  4.053558e-01
  Y 0 1 1 -3.727487e-01 -1.705277e-01  5.419952e-01
  Y 1 2 0 -1.408616e+01  8.153418e+00
  Y 1 0 2  9.465554e+00  1.060838e+01
  Y 1 1 1 -5.251493e+00 -1.225178e+01
  Y 2 2 0 -8.116510e+02
  Y 0 4 0 -2.306363e+01
  Y 0 3 1 -2.277223e+01
  Y 0 2 2 -1.003132e+02
  Y 0 1 3  4.432425e+02
  Y 0 0 4 -6.122776e+02
  Y 0 1 2  1.309685e+01  1.782703e+01
  Y 0 2 1  1.539876e+01  2.829157e+01
  Y 0 3 0  2.111864e+01  3.112986e+00
  Y 0 0 3  1.272106e+01  2.641327e+01
  Y 1 0 3  4.513381e+02
  Y 0 0 0 -6.035757e-04  8.072706e-04  7.046051e-03 -4.592096e-03 -8.624098e-03
  Y 1 0 0 -4.108575e-02 -1.915653e-02  7.120791e-03  6.288005e-02
  Y 2 0 0 -6.616459e-01  1.240900e-01  1.147779e+00
  Y 3 0 0  2.097072e+01  3.391329e+01
  Y 4 0 0 -2.318644e+02
  L 0 0 0 0  2.571300e+01
  L 1 0 0 0  1.650000e-01
  L 2 0 0 0 -5.000000e-02
  L 0 1 0 0 -1.165540e+01
  L 0 2 0 0 -9.495100e+00



--------[ 2018-05-02 13:00:00 ] # in Japan 
# optics from GMp (ver 2016.09) with optimized ytar using 11 foils
L.vdc.matrixelem =  
t 0 0 0  -1.001135e+00 -3.313373e-01 -4.290819e-02  4.470852e-03
y 0 0 0  -8.060915e-03  1.071977e-03  9.019102e-04 -3.239615e-04
p 0 0 0  -2.861912e-03 -2.469069e-03  8.427172e-03  2.274635e-03
D 0 0 0  8.408810E-04 8.442057E-02 9.449486E-03 1.401268E-03 5.804766E-03
D 1 0 0  -6.863472E-02 2.633718E-01 1.096637E-02 -7.253321E-02
D 2 0 0  -8.709827E-01 1.083691E+00 1.003629E+00
D 3 0 0  5.867637E+00 -1.518737E+00
D 4 0 0  1.229877E+03
D 0 0 2  -2.154263E-01 3.749098E-01 8.287139E-01
D 0 2 0  3.897802E-01 -3.943080E-01 -8.283024E-01
D 0 1 1  5.347850E-01 4.966573E-01 1.093291E-01
D 1 2 0  -2.046162E+01 8.346116E+00
D 1 0 2  -2.524674E+01 1.185899E+01
D 1 1 1  -1.496879E+01 -3.074163E+01
D 2 0 2  -9.683858E+02
D 2 1 1  6.718191E+01
D 2 2 0  1.350897E+01
D 0 1 3  2.050327E+02
D 0 3 1  3.290653E+02
D 0 0 4  4.718722E+01
D 0 4 0  -7.064057E+01
D 0 2 2  -2.394747E+02
T 0 1 1  -5.326648E-02
T 0 0 2  2.761228E-01
T 0 2 0  1.437412E-01
T 1 0 0  -2.483065E+00 5.734509E-01
T 2 0 0  -6.033555E+00
P 0 0 1  -6.453163E-01 -1.370498E-01 2.407263E-01 -5.863077E-02
P 0 1 0  -3.387389E-01 3.545635E-01 -6.087352E-02 1.131828E-02
P 1 0 1  5.183242E+00 -1.452658E+00 1.679792E+00
P 1 1 0  2.848368E+00 8.176078E-01 -3.509288E-01
P 2 0 1  -1.076304E+01 -1.339453E+02
P 2 1 0  -1.141117E+02 6.858845E+01
P 3 0 1  -2.798525E+01
P 3 1 0  -4.910034E+02
P 0 0 3  1.229476E+01 -1.116647E+01
P 0 1 2  -1.425811E+01 -2.742787E+01
P 0 2 1  -6.825084E-01 -1.498114E+01
P 0 3 0  -5.884300E+00 -1.023068E+01
P 1 0 3  -1.026114E+02
P 1 1 2  -1.118648E+02
P 1 2 1  -1.238305E+02
P 1 3 0  -2.082886E+02
P 0 0 0  1.095769E-04 1.389117E-05 -7.951811E-04 2.789273E-04
P 1 0 0  4.855840E-03 -2.132031E-03 3.582788E-03
P 2 0 0  2.107254E-01 -4.528732E-01
P 3 0 0  -2.132567E+00
Y 0 0 1  7.718169E-01 -1.091317E+00 -5.743573E-01
Y 0 1 0  -1.144779E+00 -7.836855E-01 1.267043E-01
Y 1 0 1  -7.129719E-01 -6.824180E+00
Y 1 1 0  -1.287153E+01 1.021388E+00
Y 2 0 1  4.197006E+02
Y 2 1 0  2.731020E+02
Y 0 1 2  2.545662E+01
Y 0 2 1  1.681826E+01
Y 0 3 0  2.492641E+01
Y 0 0 3  1.626668E+01
L 0 0 0 0  25.713
L 1 0 0 0  0.1650
L 2 0 0 0 -0.05
L 0 1 0 0 -11.6554
L 0 2 0 0 -9.4951

--------[ 2018-09-26 13:00:00 ] # in Japan 
# vdc t0 calibration with run 3500

L.vdc.u1.tdc.offsets=
1877.5 1877.5 1877.5 1877.5 1877.5 1877.5 1877.5 1877.5 
1877.5 1877.5 1877.5 1877.5 1877.5 1877.5 1877.5 1877.5 
1875.1 1875.1 1875.1 1875.1 1875.1 1875.1 1875.1 1875.1 
1875.1 1875.1 1875.1 1875.1 1875.1 1875.1 1875.1 1875.1 
1874.8 1874.8 1874.8 1874.8 1874.8 1874.8 1874.8 1874.8 
1874.8 1874.8 1874.8 1874.8 1874.8 1874.8 1874.8 1874.8 
1875.0 1875.0 1875.0 1875.0 1875.0 1875.0 1875.0 1875.0 
1875.0 1875.0 1875.0 1875.0 1875.0 1875.0 1875.0 1875.0 
1877.6 1877.6 1877.6 1877.6 1877.6 1877.6 1877.6 1877.6 
1877.6 1877.6 1877.6 1877.6 1877.6 1877.6 1877.6 1877.6 
1878.0 1878.0 1878.0 1878.0 1878.0 1878.0 1878.0 1878.0 
1878.0 1878.0 1878.0 1878.0 1878.0 1878.0 1878.0 1878.0 
1882.9 1882.9 1882.9 1882.9 1882.9 1882.9 1882.9 1882.9 
1882.9 1882.9 1882.9 1882.9 1882.9 1882.9 1882.9 1882.9 
1879.8 1879.8 1879.8 1879.8 1879.8 1879.8 1879.8 1879.8 
1879.8 1879.8 1879.8 1879.8 1879.8 1879.8 1879.8 1879.8 
1880.2 1880.2 1880.2 1880.2 1880.2 1880.2 1880.2 1880.2 
1880.2 1880.2 1880.2 1880.2 1880.2 1880.2 1880.2 1880.2 
1877.5 1877.5 1877.5 1877.5 1877.5 1877.5 1877.5 1877.5 
1877.5 1877.5 1877.5 1877.5 1877.5 1877.5 1877.5 1877.5 
1875.5 1875.5 1875.5 1875.5 1875.5 1875.5 1875.5 1875.5 
1875.5 1875.5 1875.5 1875.5 1875.5 1875.5 1875.5 1875.5 
1875.0 1875.0 1875.0 1875.0 1875.0 1875.0 1875.0 1875.0 
1875.0 1875.0 1875.0 1875.0 1875.0 1875.0 1875.0 1875.0 
1882.7 1882.7 1882.7 1882.7 1882.7 1882.7 1882.7 1882.7 
1882.7 1882.7 1882.7 1882.7 1882.7 1882.7 1882.7 1882.7 
1879.1 1879.1 1879.1 1879.1 1879.1 1879.1 1879.1 1879.1 
1879.1 1879.1 1879.1 1879.1 1879.1 1879.1 1879.1 1879.1 
1880.2 1880.2 1880.2 1880.2 1880.2 1880.2 1880.2 1880.2 
1880.2 1880.2 1880.2 1880.2 1880.2 1880.2 1880.2 1880.2 
1878.0 1878.0 1878.0 1878.0 1878.0 1878.0 1878.0 1878.0 
1878.0 1878.0 1878.0 1878.0 1878.0 1878.0 1878.0 1878.0 
1881.0 1881.0 1881.0 1881.0 1881.0 1881.0 1881.0 1881.0 
1881.0 1881.0 1881.0 1881.0 1881.0 1881.0 1881.0 1881.0 
1880.4 1880.4 1880.4 1880.4 1880.4 1880.4 1880.4 1880.4 
1880.4 1880.4 1880.4 1880.4 1880.4 1880.4 1880.4 1880.4 
1883.4 1883.4 1883.4 1883.4 1883.4 1883.4 1883.4 1883.4 
1883.4 1883.4 1883.4 1883.4 1883.4 1883.4 1883.4 1883.4 
1879.6 1879.6 1879.6 1879.6 1879.6 1879.6 1879.6 1879.6 
1879.6 1879.6 1879.6 1879.6 1879.6 1879.6 1879.6 1879.6 
1880.3 1880.3 1880.3 1880.3 1880.3 1880.3 1880.3 1880.3 
1880.3 1880.3 1880.3 1880.3 1880.3 1880.3 1880.3 1880.3 
1879.1 1879.1 1879.1 1879.1 1879.1 1879.1 1879.1 1879.1 
1879.1 1879.1 1879.1 1879.1 1879.1 1879.1 1879.1 1879.1 
1883.3 1883.3 1883.3 1883.3 1883.3 1883.3 1883.3 1883.3 
1883.3 1883.3 1883.3 1883.3 1883.3 1883.3 1883.3 1883.3 

L.vdc.v1.tdc.offsets=
1880.5 1880.5 1880.5 1880.5 1880.5 1880.5 1880.5 1880.5 
1880.5 1880.5 1880.5 1880.5 1880.5 1880.5 1880.5 1880.5 
1879.3 1879.3 1879.3 1879.3 1879.3 1879.3 1879.3 1879.3 
1879.3 1879.3 1879.3 1879.3 1879.3 1879.3 1879.3 1879.3 
1879.3 1879.3 1879.3 1879.3 1879.3 1879.3 1879.3 1879.3 
1879.3 1879.3 1879.3 1879.3 1879.3 1879.3 1879.3 1879.3 
1879.8 1879.8 1879.8 1879.8 1879.8 1879.8 1879.8 1879.8 
1879.8 1879.8 1879.8 1879.8 1879.8 1879.8 1879.8 1879.8 
1880.7 1880.7 1880.7 1880.7 1880.7 1880.7 1880.7 1880.7 
1880.7 1880.7 1880.7 1880.7 1880.7 1880.7 1880.7 1880.7 
1880.9 1880.9 1880.9 1880.9 1880.9 1880.9 1880.9 1880.9 
1880.9 1880.9 1880.9 1880.9 1880.9 1880.9 1880.9 1880.9 
1890.2 1890.2 1890.2 1890.2 1890.2 1890.2 1890.2 1890.2 
1890.2 1890.2 1890.2 1890.2 1890.2 1890.2 1890.2 1890.2 
1889.1 1889.1 1889.1 1889.1 1889.1 1889.1 1889.1 1889.1 
1889.1 1889.1 1889.1 1889.1 1889.1 1889.1 1889.1 1889.1 
1887.2 1887.2 1887.2 1887.2 1887.2 1887.2 1887.2 1887.2 
1887.2 1887.2 1887.2 1887.2 1887.2 1887.2 1887.2 1887.2 
1881.5 1881.5 1881.5 1881.5 1881.5 1881.5 1881.5 1881.5 
1881.5 1881.5 1881.5 1881.5 1881.5 1881.5 1881.5 1881.5 
1886.1 1886.1 1886.1 1886.1 1886.1 1886.1 1886.1 1886.1 
1886.1 1886.1 1886.1 1886.1 1886.1 1886.1 1886.1 1886.1 
1881.3 1881.3 1881.3 1881.3 1881.3 1881.3 1881.3 1881.3 
1881.3 1881.3 1881.3 1881.3 1881.3 1881.3 1881.3 1881.3 
1887.4 1887.4 1887.4 1887.4 1887.4 1887.4 1887.4 1887.4 
1887.4 1887.4 1887.4 1887.4 1887.4 1887.4 1887.4 1887.4 
1885.7 1885.7 1885.7 1885.7 1885.7 1885.7 1885.7 1885.7 
1885.7 1885.7 1885.7 1885.7 1885.7 1885.7 1885.7 1885.7 
1886.7 1886.7 1886.7 1886.7 1886.7 1886.7 1886.7 1886.7 
1886.7 1886.7 1886.7 1886.7 1886.7 1886.7 1886.7 1886.7 
1888.1 1888.1 1888.1 1888.1 1888.1 1888.1 1888.1 1888.1 
1888.1 1888.1 1888.1 1888.1 1888.1 1888.1 1888.1 1888.1 
1889.5 1889.5 1889.5 1889.5 1889.5 1889.5 1889.5 1889.5 
1889.5 1889.5 1889.5 1889.5 1889.5 1889.5 1889.5 1889.5 
1889.8 1889.8 1889.8 1889.8 1889.8 1889.8 1889.8 1889.8 
1889.8 1889.8 1889.8 1889.8 1889.8 1889.8 1889.8 1889.8 
1892.0 1892.0 1892.0 1892.0 1892.0 1892.0 1892.0 1892.0 
1892.0 1892.0 1892.0 1892.0 1892.0 1892.0 1892.0 1892.0 
1889.9 1889.9 1889.9 1889.9 1889.9 1889.9 1889.9 1889.9 
1889.9 1889.9 1889.9 1889.9 1889.9 1889.9 1889.9 1889.9 
1889.6 1889.6 1889.6 1889.6 1889.6 1889.6 1889.6 1889.6 
1889.6 1889.6 1889.6 1889.6 1889.6 1889.6 1889.6 1889.6 
1888.8 1888.8 1888.8 1888.8 1888.8 1888.8 1888.8 1888.8 
1888.8 1888.8 1888.8 1888.8 1888.8 1888.8 1888.8 1888.8 
1889.4 1889.4 1889.4 1889.4 1889.4 1889.4 1889.4 1889.4 
1889.4 1889.4 1889.4 1889.4 1889.4 1889.4 1889.4 1889.4 

L.vdc.u2.tdc.offsets=
1868.5 1868.5 1868.5 1868.5 1868.5 1868.5 1868.5 1868.5 
1868.5 1868.5 1868.5 1868.5 1868.5 1868.5 1868.5 1868.5 
1865.7 1865.7 1865.7 1865.7 1865.7 1865.7 1865.7 1865.7 
1865.7 1865.7 1865.7 1865.7 1865.7 1865.7 1865.7 1865.7 
1866.0 1866.0 1866.0 1866.0 1866.0 1866.0 1866.0 1866.0 
1866.0 1866.0 1866.0 1866.0 1866.0 1866.0 1866.0 1866.0 
1866.3 1866.3 1866.3 1866.3 1866.3 1866.3 1866.3 1866.3 
1866.3 1866.3 1866.3 1866.3 1866.3 1866.3 1866.3 1866.3 
1869.7 1869.7 1869.7 1869.7 1869.7 1869.7 1869.7 1869.7 
1869.7 1869.7 1869.7 1869.7 1869.7 1869.7 1869.7 1869.7 
1865.0 1865.0 1865.0 1865.0 1865.0 1865.0 1865.0 1865.0 
1865.0 1865.0 1865.0 1865.0 1865.0 1865.0 1865.0 1865.0 
1877.5 1877.5 1877.5 1877.5 1877.5 1877.5 1877.5 1877.5 
1877.5 1877.5 1877.5 1877.5 1877.5 1877.5 1877.5 1877.5 
1875.8 1875.8 1875.8 1875.8 1875.8 1875.8 1875.8 1875.8 
1875.8 1875.8 1875.8 1875.8 1875.8 1875.8 1875.8 1875.8 
1874.5 1874.5 1874.5 1874.5 1874.5 1874.5 1874.5 1874.5 
1874.5 1874.5 1874.5 1874.5 1874.5 1874.5 1874.5 1874.5 
1871.6 1871.6 1871.6 1871.6 1871.6 1871.6 1871.6 1871.6 
1871.6 1871.6 1871.6 1871.6 1871.6 1871.6 1871.6 1871.6 
1874.2 1874.2 1874.2 1874.2 1874.2 1874.2 1874.2 1874.2 
1874.2 1874.2 1874.2 1874.2 1874.2 1874.2 1874.2 1874.2 
1873.3 1873.3 1873.3 1873.3 1873.3 1873.3 1873.3 1873.3 
1873.3 1873.3 1873.3 1873.3 1873.3 1873.3 1873.3 1873.3 
1874.8 1874.8 1874.8 1874.8 1874.8 1874.8 1874.8 1874.8 
1874.8 1874.8 1874.8 1874.8 1874.8 1874.8 1874.8 1874.8 
1874.7 1874.7 1874.7 1874.7 1874.7 1874.7 1874.7 1874.7 
1874.7 1874.7 1874.7 1874.7 1874.7 1874.7 1874.7 1874.7 
1876.5 1876.5 1876.5 1876.5 1876.5 1876.5 1876.5 1876.5 
1876.5 1876.5 1876.5 1876.5 1876.5 1876.5 1876.5 1876.5 
1875.2 1875.2 1875.2 1875.2 1875.2 1875.2 1875.2 1875.2 
1875.2 1875.2 1875.2 1875.2 1875.2 1875.2 1875.2 1875.2 
1875.8 1875.8 1875.8 1875.8 1875.8 1875.8 1875.8 1875.8 
1875.8 1875.8 1875.8 1875.8 1875.8 1875.8 1875.8 1875.8 
1874.8 1874.8 1874.8 1874.8 1874.8 1874.8 1874.8 1874.8 
1874.8 1874.8 1874.8 1874.8 1874.8 1874.8 1874.8 1874.8 
1881.3 1881.3 1881.3 1881.3 1881.3 1881.3 1881.3 1881.3 
1881.3 1881.3 1881.3 1881.3 1881.3 1881.3 1881.3 1881.3 
1877.9 1877.9 1877.9 1877.9 1877.9 1877.9 1877.9 1877.9 
1877.9 1877.9 1877.9 1877.9 1877.9 1877.9 1877.9 1877.9 
1878.9 1878.9 1878.9 1878.9 1878.9 1878.9 1878.9 1878.9 
1878.9 1878.9 1878.9 1878.9 1878.9 1878.9 1878.9 1878.9 
1876.7 1876.7 1876.7 1876.7 1876.7 1876.7 1876.7 1876.7 
1876.7 1876.7 1876.7 1876.7 1876.7 1876.7 1876.7 1876.7 
1877.1 1877.1 1877.1 1877.1 1877.1 1877.1 1877.1 1877.1 
1877.1 1877.1 1877.1 1877.1 1877.1 1877.1 1877.1 1877.1 

L.vdc.v2.tdc.offsets=
1879.2 1879.2 1879.2 1879.2 1879.2 1879.2 1879.2 1879.2 
1879.2 1879.2 1879.2 1879.2 1879.2 1879.2 1879.2 1879.2 
1877.2 1877.2 1877.2 1877.2 1877.2 1877.2 1877.2 1877.2 
1877.2 1877.2 1877.2 1877.2 1877.2 1877.2 1877.2 1877.2 
1875.9 1875.9 1875.9 1875.9 1875.9 1875.9 1875.9 1875.9 
1875.9 1875.9 1875.9 1875.9 1875.9 1875.9 1875.9 1875.9 
1876.7 1876.7 1876.7 1876.7 1876.7 1876.7 1876.7 1876.7 
1876.7 1876.7 1876.7 1876.7 1876.7 1876.7 1876.7 1876.7 
1878.1 1878.1 1878.1 1878.1 1878.1 1878.1 1878.1 1878.1 
1878.1 1878.1 1878.1 1878.1 1878.1 1878.1 1878.1 1878.1 
1878.3 1878.3 1878.3 1878.3 1878.3 1878.3 1878.3 1878.3 
1878.3 1878.3 1878.3 1878.3 1878.3 1878.3 1878.3 1878.3 
1886.6 1886.6 1886.6 1886.6 1886.6 1886.6 1886.6 1886.6 
1886.6 1886.6 1886.6 1886.6 1886.6 1886.6 1886.6 1886.6 
1881.8 1881.8 1881.8 1881.8 1881.8 1881.8 1881.8 1881.8 
1881.8 1881.8 1881.8 1881.8 1881.8 1881.8 1881.8 1881.8 
1875.5 1875.5 1875.5 1875.5 1875.5 1875.5 1875.5 1875.5 
1875.5 1875.5 1875.5 1875.5 1875.5 1875.5 1875.5 1875.5 
1877.1 1877.1 1877.1 1877.1 1877.1 1877.1 1877.1 1877.1 
1877.1 1877.1 1877.1 1877.1 1877.1 1877.1 1877.1 1877.1 
1878.1 1878.1 1878.1 1878.1 1878.1 1878.1 1878.1 1878.1 
1878.1 1878.1 1878.1 1878.1 1878.1 1878.1 1878.1 1878.1 
1876.4 1876.4 1876.4 1876.4 1876.4 1876.4 1876.4 1876.4 
1876.4 1876.4 1876.4 1876.4 1876.4 1876.4 1876.4 1876.4 
1880.7 1880.7 1880.7 1880.7 1880.7 1880.7 1880.7 1880.7 
1880.7 1880.7 1880.7 1880.7 1880.7 1880.7 1880.7 1880.7 
1879.1 1879.1 1879.1 1879.1 1879.1 1879.1 1879.1 1879.1 
1879.1 1879.1 1879.1 1879.1 1879.1 1879.1 1879.1 1879.1 
1880.2 1880.2 1880.2 1880.2 1880.2 1880.2 1880.2 1880.2 
1880.2 1880.2 1880.2 1880.2 1880.2 1880.2 1880.2 1880.2 
1880.3 1880.3 1880.3 1880.3 1880.3 1880.3 1880.3 1880.3 
1880.3 1880.3 1880.3 1880.3 1880.3 1880.3 1880.3 1880.3 
1880.6 1880.6 1880.6 1880.6 1880.6 1880.6 1880.6 1880.6 
1880.6 1880.6 1880.6 1880.6 1880.6 1880.6 1880.6 1880.6 
1879.7 1879.7 1879.7 1879.7 1879.7 1879.7 1879.7 1879.7 
1879.7 1879.7 1879.7 1879.7 1879.7 1879.7 1879.7 1879.7 
1888.5 1888.5 1888.5 1888.5 1888.5 1888.5 1888.5 1888.5 
1888.5 1888.5 1888.5 1888.5 1888.5 1888.5 1888.5 1888.5 
1882.6 1882.6 1882.6 1882.6 1882.6 1882.6 1882.6 1882.6 
1882.6 1882.6 1882.6 1882.6 1882.6 1882.6 1882.6 1882.6 
1886.2 1886.2 1886.2 1886.2 1886.2 1886.2 1886.2 1886.2 
1886.2 1886.2 1886.2 1886.2 1886.2 1886.2 1886.2 1886.2 
1885.5 1885.5 1885.5 1885.5 1885.5 1885.5 1885.5 1885.5 
1885.5 1885.5 1885.5 1885.5 1885.5 1885.5 1885.5 1885.5 
1879.5 1879.5 1879.5 1879.5 1879.5 1879.5 1879.5 1879.5 
1879.5 1879.5 1879.5 1879.5 1879.5 1879.5 1879.5 1879.5 


--------[ 2018-10-30 12:00:00 ] # in Japan 

L.vdc.tdc.min = 800
L.vdc.tdc.max = 4000


L.vdc.u1.tdc.offsets = 
2943.59 2940.38 2943.18 2943.11 2942.69 2942.17 2942.94 2942.88 
2940.7 2942.91 2940.5 2942.39 2941.11 2941.53 2941.63 2940.72 
2943.77 2940.75 2939.59 2940.01 2942.23 2941.39 2940.54 2941.65 
2940.45 2939.1 2939.71 2935.81 2937.4 2938.62 2936.1 2936.56 
2941.3 2942.34 2942.31 2943.23 2941.59 2943.34 2942.34 2941.59 
2942.12 2941.33 2941.07 2941.66 2939.69 2942.65 2940.09 2939.81 
2941.68 2940.74 2941.42 2942.14 2941.1 2941.8 2941.25 2941.47 
2937.83 2938.58 2938.42 2937.7 2936.75 2938.64 2937.71 2936.68 
2942.38 2937.96 2942.3 2939.96 2941.58 2941.09 2941.04 2941.83 
2940.81 2940.79 2942.22 2941.69 2941.17 2939.37 2940.27 2938.59 
2942.56 2943.47 2942.53 2942.16 2942.87 2942.99 2944.76 2945.12 
2941.35 2940.79 2939.95 2939.44 2940.74 2943.29 2939.39 2939.16 
2947.51 2945.98 2945.3 2945.75 2946.27 2945.4 2946.85 2946.97 
2946.36 2946.55 2946.13 2946.67 2946.29 2946.09 2945.65 2945.15 
2946.57 2944.34 2945.23 2944.43 2946.15 2944.9 2944.53 2946.99 
2943.77 2942.5 2945.13 2943.18 2943.29 2943.66 2942.89 2941.41 
2948.11 2943.48 2946.64 2945.68 2946.56 2943.44 2942.33 2943.98 
2943.84 2943.21 2944.86 2943.09 2942.99 2942.12 2939.8 2938.37 
2944.55 2942.46 2942 2942.73 2942.62 2943.46 2943.53 2943.07 
2938.52 2939.57 2938.26 2938.06 2937.77 2939.21 2937.79 2937.54 
2941.49 2938.89 2939.44 2938.76 2938.84 2938.27 2941.65 2939.59 
2938.04 2939.28 2939.93 2939.87 2938.32 2939.27 2940.61 2938.11 
2941.6 2937.8 2941.73 2937.99 2941.78 2940.13 2939.43 2941.48 
2937.63 2937.25 2937.89 2938.71 2938.84 2937.93 2937.61 2934.66 
2946.55 2945.73 2945.86 2946.54 2947.13 2946.29 2945.86 2946.36 
2947.29 2946.99 2946.28 2946.26 2944.63 2945.95 2943.34 2942.15 
2946.35 2942.62 2944.19 2943.5 2946.31 2943.48 2942.98 2945.53 
2941.99 2942.18 2942.17 2941.93 2943.23 2942.4 2941.81 2942.17 
2948.73 2941.57 2946.4 2942.67 2946.17 2945.44 2944.47 2947.08 
2945.95 2943.77 2946.55 2944.83 2944.48 2943.03 2943.18 2942.46 
2943.4 2942.07 2941.76 2942.47 2942.52 2942.79 2942.95 2942.36 
2941.16 2939.14 2941.71 2942.38 2941.17 2939.86 2942.16 2939.12 
2947.56 2945.27 2945.97 2945.61 2946.55 2946.47 2946.85 2946.2 
2945.53 2947.34 2945.45 2946.64 2945.17 2946.46 2944.26 2944.18 
2946.14 2945.98 2945.17 2946.84 2946.77 2945.52 2947.17 2946.97 
2943.86 2942.44 2943.96 2943.98 2942.55 2945.87 2942 2942.4 
2950.63 2947.09 2947.03 2946.78 2946.92 2946.96 2946.77 2947.45 
2947.76 2947.89 2948.73 2948.02 2947.15 2946.41 2947.82 2944.64 
2945.95 2942.78 2943.01 2943.99 2945.75 2944.12 2944.05 2946.42 
2944.79 2944.38 2943.45 2944.67 2944.67 2944.9 2945.33 2943.61 
2946.92 2946.37 2946.12 2945.79 2947.66 2945.45 2945.33 2945.64 
2946.69 2945.66 2946.11 2947.14 2947.5 2944.98 2948.37 2945.91 
2947.97 2943.88 2941.99 2944.63 2946.2 2944.75 2944.66 2944.27 
2941.98 2941.4 2945.55 2945.26 2941.23 2940.18 2942.31 2943.75 
2951.02 2944.78 2947.73 2948.02 2948.29 2945.28 2945.12 2944.67 
2950.17 2949.5 2947.91 2950.81 2948.9 2943.96 2945.63 2941.81 

L.vdc.v1.tdc.offsets = 
2944.5 2942.61 2945.75 2944.88 2945.8 2945.08 2942.99 2945.33 
2942.27 2947.07 2945.18 2945.77 2943.63 2944.55 2942.82 2943.5 
2943.28 2943.61 2945.92 2943.32 2944.5 2942.65 2941.97 2944.24 
2941.91 2941.33 2943.6 2940.81 2942.05 2942.83 2941.9 2938.17 
2945.4 2941.81 2944.03 2942.69 2946.82 2944.19 2945.69 2944.51 
2942.74 2942.56 2945.54 2942.57 2943.53 2943.67 2943.04 2941.55 
2945.7 2941.77 2946.43 2943.8 2945.55 2943.1 2943.61 2944.7 
2942.21 2942.77 2943.1 2943.47 2942.43 2941.34 2942.26 2939.26 
2948.21 2944.9 2947.5 2944.34 2946.43 2946.65 2945.03 2945.74 
2946.88 2946.86 2946.75 2945.67 2946.62 2946.32 2945.51 2943.33 
2946.94 2943.36 2947.52 2943.96 2947.72 2946.84 2946.01 2947.21 
2943.4 2942.17 2942.21 2943.76 2942.69 2943.29 2942.2 2941.33 
2950.72 2952.34 2953.47 2951.41 2954.17 2952.07 2952.33 2953.97 
2952.94 2952.2 2952.71 2951.42 2953.57 2952.42 2951.79 2951.27 
2951.79 2950.33 2950.66 2950.62 2953.56 2953.18 2953.74 2953.62 
2950.34 2947.7 2950.65 2949.4 2950.98 2949.14 2949.35 2948.08 
2951.87 2949.88 2950.46 2950.59 2950.41 2950.91 2950.12 2951.1 
2950.58 2949.26 2950.29 2947.12 2946.98 2946.95 2945.89 2943.26 
2947.17 2945.52 2948.32 2946.24 2949 2946.74 2946.74 2947.01 
2944.29 2943.38 2945.35 2946.14 2946.5 2943.96 2945.16 2942.51 
2947.56 2947.75 2949.95 2949.28 2950.38 2950.12 2950.27 2949.86 
2950 2948.53 2949.48 2949.43 2947.62 2947.71 2946.95 2948.07 
2947.35 2946.01 2948.19 2946.18 2947.07 2945.02 2947.39 2945.82 
2943.28 2943.7 2944.82 2944.37 2943.96 2942.74 2943.05 2940.88 
2951.97 2948.43 2948.21 2947.86 2949.41 2950.12 2950.37 2947.8 
2950.75 2949.24 2952.55 2950.53 2949.59 2947 2950.27 2948.78 
2948.26 2949.78 2950.51 2948.57 2949.56 2946.82 2949.2 2953.03 
2947.47 2944.85 2948.68 2946.38 2948.08 2945.66 2947.58 2943.89 
2951.19 2947.74 2949.65 2950.01 2947.78 2949.34 2951.41 2949.67 
2950.2 2949.17 2950.58 2950.39 2948.76 2947.94 2947.23 2948.2 
2952.17 2950.88 2951.4 2951.15 2950.61 2952.29 2951 2951.75 
2951.05 2949.19 2949.84 2949.28 2948.73 2947.44 2948.86 2947.66 
2953.7 2952.74 2951.72 2952.19 2954.35 2950.73 2952.37 2952.83 
2950.72 2952.31 2951.97 2952.13 2950.43 2951.75 2949.99 2950.4 
2952.51 2951 2953.52 2951.7 2953.33 2955.3 2957.37 2956.2 
2950.97 2952.29 2950.74 2950.9 2950.8 2951.71 2951.49 2949.74 
2958.52 2958.56 2959.51 2959.62 2954.87 2959.11 2955.54 2956.15 
2955.8 2954.85 2954.2 2954.65 2954.82 2954.71 2955.17 2951.2 
2954.14 2952.76 2955.21 2951.43 2955.65 2951.55 2952.93 2953.64 
2953.44 2952.83 2951.03 2950 2952.93 2951.62 2950.19 2949.75 
2954.31 2951.81 2953.71 2955.79 2955.74 2952.06 2952.9 2954.35 
2954.83 2952.02 2953.25 2954.68 2949.43 2951.47 2953.08 2949.11 
2952.64 2952.04 2952.91 2949.72 2952.39 2953.11 2951.58 2950.45 
2951.13 2948.74 2948.88 2952.14 2948.2 2949.67 2948.88 2942.02 
2951.96 2945.93 2948.5 2948.79 2951.36 2945.13 2948.17 2949.98 
2948.28 2947.58 2953.7 2950.77 2947.3 2946.5 2949.1 2937.88 

L.vdc.u2.tdc.offsets = 
2934 2933.5 2935 2932.17 2930.98 2932.44 2931.48 2933.6 
2933.53 2932.39 2934.14 2934.69 2935.43 2932.76 2934.87 2931.8 
2930.81 2930.72 2932.24 2931.61 2930.63 2930.27 2932.35 2930.61 
2927.99 2929.63 2929.99 2931.47 2928.1 2929.05 2930.02 2928.76 
2932.35 2930.13 2930.31 2929.47 2931.14 2931.68 2931.35 2930.76 
2932.34 2930.57 2932.46 2932.74 2930.18 2930.52 2931.94 2930.09 
2930.67 2929.64 2929.16 2930.75 2930.79 2930.78 2932.28 2931.67 
2930.33 2929.83 2929.29 2931.56 2930.91 2930.54 2930.48 2930.29 
2933.84 2931.77 2932.58 2932.73 2933.82 2933.11 2933.23 2933.29 
2932.79 2933.79 2933.08 2933.22 2933.19 2932.24 2933.9 2931.31 
2930.07 2929.32 2930.37 2930.28 2929.46 2931.5 2932.67 2931.53 
2928.44 2928.49 2929.19 2929.72 2928.83 2928.09 2928.48 2928.11 
2942.16 2941.52 2940.75 2941.76 2941.28 2941.96 2942.49 2942.81 
2943.77 2942.82 2941.96 2942.44 2942.02 2942.82 2941.48 2941.4 
2941.59 2939.33 2941.99 2937.62 2942.32 2941.77 2939.92 2942.45 
2939.86 2938.42 2939.84 2939.82 2938.54 2938.69 2936.87 2934.9 
2941.79 2937.96 2939.82 2937.94 2940.33 2938.18 2938.39 2937.77 
2937.64 2937.17 2938.72 2935.68 2938.18 2935.36 2934.89 2934.86 
2937.67 2934.63 2936.23 2934.83 2934.97 2934.98 2935.06 2935.89 
2933.74 2933.88 2932.62 2932.86 2934.01 2933.51 2933.12 2931.77 
2936.75 2936.26 2935.95 2938.14 2937.66 2937.41 2938.88 2936.84 
2937.37 2937.4 2938.01 2938.4 2937.58 2938.14 2935.24 2933.72 
2937.34 2938.46 2936.45 2937.69 2937.99 2935.65 2938.79 2937.82 
2934.66 2934.92 2934.24 2933.9 2933.41 2933.74 2932.13 2933.05 
2940.83 2938.28 2938.83 2937.91 2939.47 2938.06 2939.05 2937.94 
2938.38 2938.46 2939.08 2938.93 2940.52 2938.71 2939.21 2938.02 
2940.62 2939.21 2939.42 2938.99 2939.28 2939.81 2940.1 2939.94 
2938 2938.21 2937.47 2937.18 2938.14 2939.24 2937.15 2934.59 
2940.07 2942.89 2939.36 2941.84 2942.84 2942.11 2942.56 2941.43 
2941.58 2942.01 2942.69 2942.08 2942.04 2942.76 2939.98 2940.67 
2941.67 2940.81 2939.08 2942.2 2938.24 2940.19 2941.82 2941.64 
2938.71 2937.13 2938.29 2937.79 2936.29 2938.32 2936.52 2935.29 
2941.46 2938.22 2940.48 2938.93 2939.63 2939.64 2939.23 2940.5 
2939.16 2939.03 2939.37 2939.29 2939.46 2938.98 2938.95 2939.32 
2939.69 2939.69 2938.4 2937.48 2937.76 2940.13 2939.02 2939.63 
2938.56 2937.67 2938.69 2937.81 2937.54 2938.08 2935.89 2935.47 
2946.58 2944.96 2945.98 2945.87 2946.98 2946.96 2946.08 2946.57 
2947 2947.08 2946.8 2947.92 2947.07 2946.08 2944.53 2944.06 
2945.94 2942.17 2942.88 2942.7 2944.19 2943.38 2943.75 2944.46 
2942.41 2941.14 2942.51 2940.84 2939.79 2940.27 2940.87 2939.18 
2946.49 2943.25 2945.02 2943.68 2944.88 2942.99 2944.6 2942.84 
2943.69 2943.65 2944.21 2944.13 2942.24 2942.18 2943.54 2941.52 
2944.42 2942.98 2944.85 2939.55 2943.97 2942.21 2945.92 2943.31 
2942.87 2938.63 2941.01 2940.14 2942.32 2940.53 2940.82 2939.74 
2943.6 2939.3 2939.59 2942.98 2938.25 2942.39 2940.79 2940.55 
2939.44 2941.02 2939.26 2942.24 2937.7 2937.13 2935.31 2936.5 

L.vdc.v2.tdc.offsets = 
2940.75 2939.68 2940.5 2937.5 2941.5 2941.81 2943.27 2939.79 
2940.67 2940.55 2942.7 2943.14 2942.13 2940.62 2941.27 2940.44 
2939.97 2938.99 2944.56 2938.88 2944.26 2938.25 2939.22 2940.77 
2937.97 2936.01 2939.08 2937.38 2939.87 2937.23 2939.29 2935.42 
2941.39 2939.38 2943.23 2939.56 2944.14 2940.99 2940.99 2940.19 
2940.5 2940.13 2941.54 2940.83 2941.51 2939.32 2940.1 2939.55 
2940.24 2938.36 2942.13 2940.63 2940.81 2940.24 2942.69 2942.22 
2940.41 2938.85 2938.24 2938.01 2939.82 2938.65 2940 2937.12 
2943.32 2939.13 2942.55 2939.8 2941.65 2941.78 2945.3 2942.63 
2942.66 2941.99 2942.84 2940.29 2941.28 2942.14 2942.77 2939.56 
2943.11 2940.2 2941.85 2941.8 2942.81 2941.56 2943.15 2943.13 
2940.49 2938.48 2943.72 2939.33 2941.74 2938.3 2941.87 2938.67 
2949.89 2946.73 2948.05 2946.72 2947.67 2947.53 2947.11 2948.2 
2949.85 2947.12 2948.18 2948.41 2947.58 2948.53 2947.77 2948.89 
2950.25 2946.69 2946.42 2947.08 2948.15 2945.89 2947.66 2946.65 
2943.12 2943.44 2943.91 2943.49 2942.02 2942.03 2943.04 2939.73 
2943.33 2939.65 2940.72 2940.59 2941.55 2940.84 2937.49 2941.27 
2939.12 2939.04 2941.34 2936.46 2938.12 2937.79 2937.35 2937.32 
2943.71 2939.39 2941.38 2940.52 2943.06 2942.65 2943.21 2943.69 
2942.02 2939.1 2942.13 2939.17 2939.66 2937.4 2939 2936.34 
2941.26 2940.02 2943.48 2939.56 2942.29 2942.4 2942.51 2941.78 
2941.32 2942.54 2942.78 2940.11 2943 2939.67 2940.16 2940.3 
2942.76 2941.43 2941.94 2940.34 2941.96 2941.37 2943.41 2942.32 
2939.17 2937.88 2939.56 2936.77 2938.6 2936.68 2939.11 2936.13 
2946.17 2942.08 2946.66 2943.31 2946.28 2946.5 2943.59 2945.86 
2946.32 2944.93 2944.91 2944.98 2945.9 2942.2 2943.94 2943.43 
2945.7 2942.74 2943.01 2941.25 2943.61 2943.51 2945.04 2943.84 
2943.07 2938.43 2943.97 2940.16 2942.33 2940.17 2940.75 2941.01 
2944.05 2943.95 2942.81 2943.79 2944.63 2943.28 2943.28 2942.31 
2946.41 2945.43 2946.17 2942.98 2942.07 2944.41 2945.03 2942.93 
2946.75 2944.6 2945.96 2945.37 2947.21 2943.71 2943.72 2945.45 
2944.09 2943.83 2943.45 2943.07 2943.34 2944.57 2943.27 2940.43 
2945.75 2943.05 2946.33 2944.32 2946.66 2945.04 2945.19 2945.74 
2943.97 2943.99 2944.82 2943.56 2942.83 2943.69 2943.77 2941.46 
2945.43 2943.08 2943.77 2942.57 2945.73 2942.32 2946.16 2944.39 
2941.79 2940.55 2943.31 2940.45 2943.25 2942.13 2943.1 2940.92 
2952.9 2949.21 2952.15 2951.31 2952.01 2952.67 2951.54 2951.4 
2951.84 2951.27 2951.7 2951.16 2950.76 2948.34 2947.81 2947.06 
2951.12 2947.2 2946.83 2947.06 2947.77 2947.73 2949.52 2949.38 
2946.52 2947 2946.3 2947.14 2945.16 2943.95 2945.34 2943.41 
2950.57 2947.5 2950.83 2949.12 2952.31 2948.86 2950.3 2951.21 
2950.1 2948.23 2950.15 2947.64 2948 2947.6 2946.86 2946.28 
2949.93 2948.69 2951.97 2947.13 2949.79 2948.91 2948.19 2950.32 
2947.77 2947.19 2948.41 2946.74 2950.69 2947.45 2945.97 2943.94 
2946.4 2938.76 2943.72 2945.97 2941.6 2943.92 2941.71 2939.07 
2940.28 2940.32 2944.9 2941.36 2943.45 2940.59 2946.33 2941.5 




--------[ 2018-11-01 00:49:26 ] # in Japan 
L.vdc.u1.tdc.offsets = 
2943.59 2940.38 2943.18 2943.11 2942.69 2942.17 2942.94 2942.88 
2940.7 2942.91 2940.5 2942.39 2941.11 2941.53 2941.63 2940.72 
2943.77 2940.75 2939.59 2940.01 2942.23 2941.39 2940.54 2941.65 
2940.45 2939.1 2939.71 2935.81 2937.4 2938.62 2936.1 2936.56 
2941.3 2942.34 2942.31 2943.23 2941.59 2943.34 2942.34 2941.59 
2942.12 2941.3 2941.64 2942.07 2941.31 2940.09 2939.61 2937.54 
2941.3 2937.8 2940.02 2940.5 2939.63 2940.6 2941.53 2940.37 
2937.7 2938.31 2939.5 2938.69 2938.54 2938.16 2936.59 2936.28 
2941.39 2939.85 2941.92 2938.66 2941.28 2940.83 2939.75 2941.75 
2939.82 2941.34 2939.96 2941.08 2941.31 2940.56 2940.85 2938.01 
2943.74 2943.02 2942.33 2943.28 2943.21 2942.12 2944.22 2944.69 
2940.37 2938.88 2938.73 2941.45 2940.18 2942.63 2939.8 2940.14 
2946.01 2945.69 2945.05 2944.48 2945.79 2946.5 2945.83 2947.24 
2945.48 2946.24 2945.25 2947.88 2945.1 2946.81 2944.1 2944.8 
2945.58 2944.84 2945.09 2943.03 2946.66 2943.94 2944.94 2945.64 
2942.83 2942.58 2944.69 2942.87 2941.99 2940.79 2943.28 2939.5 
2948.27 2942.76 2945.52 2944.55 2945.65 2945.07 2943.41 2942.55 
2942.55 2941.7 2943.36 2941.27 2942.42 2940.79 2938.86 2937.48 
2943.25 2943.91 2942.65 2942.96 2941.56 2941.61 2944.66 2944.11 
2939.09 2940.46 2939.41 2939.78 2938.24 2938.81 2937.36 2936.84 
2941.06 2937.83 2937.39 2937.81 2940.81 2940.26 2941.03 2940.43 
2939.26 2939.4 2938.04 2939.5 2938.59 2939.09 2939.55 2937.27 
2941.42 2937.47 2940.42 2937.38 2941.3 2937.53 2940.08 2941.31 
2938 2934.47 2938.88 2939.13 2937.92 2937.65 2937.43 2934.42 
2946.56 2946.63 2946.95 2946.34 2946.36 2945.85 2944.86 2945.42 
2945.95 2946.23 2947.11 2946.29 2945.21 2946.35 2942.43 2943.42 
2945.15 2940.44 2944.4 2941.68 2943.93 2944.3 2941.93 2944.61 
2940.66 2942.69 2942.74 2940.44 2943.12 2942.94 2941.81 2940.19 
2948.08 2941.7 2945.76 2941.81 2944.45 2944.56 2944.88 2945.24 
2944.28 2944.97 2945.03 2946.17 2944.19 2943.45 2942.13 2942.81 
2944.19 2941.13 2940.9 2942.34 2941.79 2941.11 2943.46 2942.16 
2940.89 2938.45 2941.17 2941.85 2939.02 2941.95 2941.59 2939.41 
2946.2 2945.56 2944.86 2945.19 2947.83 2945.1 2946.04 2945.29 
2945.93 2946.8 2944.94 2944.17 2944.13 2945.18 2942.83 2944.62 
2944.96 2947.96 2945.32 2945.77 2946.75 2946.25 2948.56 2947.38 
2942.91 2943.55 2945.28 2947.33 2944.19 2945.99 2941.89 2941.76 
2949.06 2947.86 2946.85 2946 2945.56 2947.83 2947.53 2947.11 
2948.51 2946.96 2949.26 2948.97 2945.58 2945.32 2946.67 2945.85 
2945.83 2941.1 2942.57 2942.79 2943.56 2942.54 2942.91 2945.15 
2945.17 2941.99 2943.68 2946.39 2943.86 2942.43 2942.71 2942.64 
2949.08 2946.56 2946.3 2944.35 2947.3 2946.22 2944.67 2945.63 
2944.8 2944.94 2946.11 2947.14 2947.5 2944.98 2948.37 2945.91 
2947.97 2943.88 2941.99 2944.63 2946.2 2944.75 2944.66 2944.27 
2941.98 2941.4 2945.55 2945.26 2941.23 2940.18 2942.31 2943.75 
2951.02 2944.78 2947.73 2948.02 2948.29 2945.28 2945.12 2944.67 
2950.17 2949.5 2947.91 2950.81 2948.9 2943.96 2945.63 2941.81 

L.vdc.v1.tdc.offsets = 
2944.5 2942.61 2945.75 2944.88 2945.8 2945.08 2942.99 2945.33 
2942.27 2947.07 2945.18 2945.77 2943.63 2944.55 2942.82 2943.5 
2943.28 2943.61 2945.92 2943.32 2944.5 2942.65 2941.97 2944.24 
2941.91 2941.33 2943.6 2940.81 2942.05 2942.83 2941.9 2938.17 
2945.4 2941.81 2944.03 2942.69 2946.82 2944.19 2945.69 2944.51 
2942.74 2942.26 2945.39 2941.54 2942.85 2944.33 2941.33 2938.99 
2943.06 2941.93 2945.46 2944.93 2944.32 2944.84 2941.86 2943.8 
2943.08 2942.28 2942.08 2942.04 2941.54 2941.41 2943.64 2940.54 
2945.88 2941.98 2947.06 2946.33 2945.6 2947.72 2945.97 2944.67 
2946.79 2943.4 2947.46 2946.5 2946.19 2944.95 2944.64 2943.08 
2945.92 2944.82 2946.56 2944.79 2946.93 2945.94 2947.88 2947.39 
2942.63 2941.84 2943.64 2944.6 2943.11 2942.78 2941.99 2941.12 
2952.76 2951.09 2952.91 2950.12 2952.43 2950.99 2950.19 2951.63 
2951.43 2952.25 2953.8 2953.62 2949.43 2950.81 2949.21 2948.37 
2951.77 2949.06 2948.69 2951.44 2952.21 2952.68 2951.95 2953.01 
2949.95 2947.45 2950.28 2949.64 2950.51 2948.65 2949.04 2948.81 
2951.02 2949.64 2951.78 2949.48 2949.95 2952.57 2949.03 2949.47 
2950.31 2947.01 2950.4 2946.01 2946.76 2948.49 2947.01 2942.31 
2948.64 2943.04 2948.05 2946.5 2947.74 2946.97 2946.32 2948.77 
2942.19 2946.05 2944.88 2946.29 2946.01 2946.19 2943.33 2943.2 
2945.87 2949.47 2949.49 2950.62 2948.85 2949.2 2949.66 2948.98 
2948.53 2949.27 2948.74 2947.55 2946.72 2948.5 2946.47 2947.07 
2947.89 2944.57 2947.81 2945.33 2946.19 2945.92 2947.24 2944.59 
2943.77 2943.52 2945.14 2943.52 2943.95 2942.67 2943.74 2940.34 
2950.33 2946.56 2947.5 2949 2947.75 2950.17 2950.13 2948.6 
2951.06 2949.59 2951.96 2951.39 2950.09 2945.83 2950.54 2948.1 
2950.04 2947.68 2947.48 2948.19 2949.06 2946.99 2947.9 2949.66 
2945.76 2944.65 2947.84 2945.79 2949.91 2944.81 2947.29 2942.66 
2950.51 2945.69 2949.48 2946.45 2946.59 2949.43 2952.34 2950.31 
2949.65 2948.79 2948.84 2949.33 2950.16 2947.86 2947.01 2947.66 
2954.21 2947.65 2949.76 2949.87 2949.4 2950.45 2951.12 2949.79 
2949.13 2949.55 2949.01 2948.56 2948.75 2947.27 2947.65 2946.71 
2955.28 2951 2951.57 2951.19 2953.27 2949.99 2951.45 2953.43 
2951.78 2951.05 2953.88 2950.23 2948.74 2951.1 2949.67 2949.16 
2952.78 2950.65 2953.31 2950.6 2954.17 2956.4 2955.89 2956.06 
2951.87 2952 2950.94 2951.59 2951.05 2952.04 2949.7 2947.87 
2957.57 2958.23 2957.68 2959.2 2953.8 2957.9 2955.5 2955.52 
2954.89 2954.36 2953.11 2953.03 2954.72 2953.11 2953.37 2953.34 
2953.68 2949.6 2953.73 2951.54 2954.69 2952.91 2948.68 2952.65 
2950.14 2953.08 2950.29 2950.87 2950.35 2949.56 2948.76 2946.09 
2953.96 2952.65 2952.52 2953.42 2953.75 2953.5 2950.17 2949.88 
2951.65 2947.06 2953.25 2954.68 2949.43 2951.47 2953.08 2949.11 
2952.64 2952.04 2952.91 2949.72 2952.39 2953.11 2951.58 2950.45 
2951.13 2948.74 2948.88 2952.14 2948.2 2949.67 2948.88 2942.02 
2951.96 2945.93 2948.5 2948.79 2951.36 2945.13 2948.17 2949.98 
2948.28 2947.58 2953.7 2950.77 2947.3 2946.5 2949.1 2937.88 

L.vdc.u2.tdc.offsets = 
2934 2933.5 2935 2932.17 2930.98 2932.44 2931.48 2933.6 
2933.53 2932.39 2934.14 2934.69 2935.43 2932.76 2934.87 2931.8 
2930.81 2930.72 2932.24 2931.61 2930.63 2930.27 2932.35 2930.61 
2927.99 2929.63 2929.99 2931.47 2928.1 2929.05 2930.02 2928.76 
2932.35 2930.13 2930.31 2929.47 2931.14 2931.68 2931.35 2930.76 
2932.34 2932.12 2930.58 2930.99 2932.79 2930.5 2931.46 2931.16 
2930.56 2929.82 2929.97 2929.04 2930.36 2930.22 2931.52 2931.5 
2928.8 2930.27 2927.92 2931 2929.68 2932.2 2931.58 2928.78 
2934.26 2932.34 2933.38 2933.08 2933.57 2933.9 2932.82 2933.15 
2931.67 2934.95 2933.46 2931.66 2932.56 2931.09 2932 2930.76 
2930.8 2928.78 2928.62 2931.8 2931.26 2929.91 2930.85 2930.83 
2928.09 2927.8 2928.99 2928.06 2928.66 2927.89 2927.11 2927.25 
2941.94 2940.84 2939.33 2942.39 2940.93 2941.53 2944.39 2942.05 
2942.07 2941.2 2942.94 2941.87 2941.49 2941.16 2939.57 2939.81 
2939.66 2938.26 2939.38 2940.41 2941.16 2941.47 2938.42 2941.37 
2940.11 2937.68 2940.37 2937.5 2938.16 2937.35 2936.19 2935.07 
2940.59 2937.43 2941.01 2938.55 2940.24 2938.44 2937.52 2936.93 
2937.8 2936.74 2936.4 2937.8 2936.49 2934.95 2936.65 2935.06 
2934.85 2934.03 2935.55 2935.32 2936.43 2934.04 2933.77 2935.4 
2932.02 2932.55 2934.21 2933.13 2932.96 2932.53 2932.36 2930.58 
2935.84 2935.67 2936.32 2936.87 2938.1 2938.65 2937.77 2937.3 
2936.74 2936.79 2936.47 2937.66 2937.62 2935.92 2934.98 2933.42 
2934.88 2936.4 2935.98 2935.81 2937.45 2935.62 2936.99 2936.03 
2933.4 2933.3 2932.72 2934.02 2932.6 2934.07 2933.14 2931.19 
2941.01 2938.06 2940.09 2937.07 2938.85 2939.88 2937.32 2937.57 
2936.41 2938.45 2937.78 2937.13 2938.38 2937.8 2939.61 2935.89 
2940.46 2938.74 2940.93 2939.17 2939.17 2940.32 2939.5 2939.43 
2936.78 2937.87 2937.9 2936.14 2936.96 2938.33 2935.57 2933.72 
2941.47 2942.07 2941.17 2941.15 2942.1 2940.91 2941.56 2940.73 
2940.47 2942.55 2941.59 2940.24 2942.13 2942.1 2940.66 2938.87 
2941.85 2940.43 2938.68 2941.47 2940.69 2939.57 2941.57 2942.95 
2936.74 2936.6 2938.48 2936.62 2934.9 2937.05 2936.27 2935.38 
2942 2939.18 2940.1 2936.98 2939.86 2939.21 2939.53 2939.11 
2937.98 2938.28 2939.76 2938.63 2938.86 2940.44 2940.15 2939.39 
2938.88 2939.53 2939.08 2938.9 2936.16 2939.22 2939.55 2940.43 
2935.66 2938.07 2937.97 2936.96 2936.75 2935.66 2934.83 2935.7 
2947.15 2946.09 2945.5 2946.08 2946.69 2947.5 2945.68 2945.61 
2946.5 2946.93 2945.86 2947.71 2946.79 2947.01 2944.66 2942.79 
2945.7 2941.56 2942.02 2942.27 2942.62 2942.77 2940.66 2943.21 
2941.58 2938.5 2941.53 2939.92 2940.4 2939.47 2940.13 2938.12 
2943.33 2943.88 2943.27 2943.59 2944.54 2943.52 2945.34 2944.33 
2942.2 2941.22 2944.21 2944.13 2942.24 2942.18 2943.54 2941.52 
2944.42 2942.98 2944.85 2939.55 2943.97 2942.21 2945.92 2943.31 
2942.87 2938.63 2941.01 2940.14 2942.32 2940.53 2940.82 2939.74 
2943.6 2939.3 2939.59 2942.98 2938.25 2942.39 2940.79 2940.55 
2939.44 2941.02 2939.26 2942.24 2937.7 2937.13 2935.31 2936.5 

L.vdc.v2.tdc.offsets = 
2940.75 2939.68 2940.5 2937.5 2941.5 2941.81 2943.27 2939.79 
2940.67 2940.55 2942.7 2943.14 2942.13 2940.62 2941.27 2940.44 
2939.97 2938.99 2944.56 2938.88 2944.26 2938.25 2939.22 2940.77 
2937.97 2936.01 2939.08 2937.38 2939.87 2937.23 2939.29 2935.42 
2941.39 2939.38 2943.23 2939.56 2944.14 2940.99 2940.99 2940.19 
2940.5 2940.98 2939.71 2939.5 2942.63 2938.99 2938.54 2939.12 
2939.04 2938.86 2938.08 2939.41 2938.47 2941.4 2941.55 2942.07 
2937.09 2937.06 2940.93 2936.45 2937.25 2937.94 2939.17 2936.79 
2944.5 2939.63 2943.29 2938.9 2941.47 2940.21 2943.39 2941.18 
2941.84 2938.95 2941.55 2940.87 2941.52 2940.4 2940.99 2940.3 
2943.58 2941.14 2941.12 2940.88 2942.11 2939.52 2945.38 2943.29 
2941.12 2937.77 2941.1 2939.06 2940.6 2938.37 2939.85 2938.3 
2948.93 2945.4 2947.63 2945.79 2946.89 2946.2 2946.89 2947.86 
2947.64 2945.23 2948.63 2949.76 2948.35 2948.66 2948.37 2948.05 
2947.64 2946.31 2945.93 2946.53 2946.44 2944.85 2947.11 2944.77 
2944.18 2942.91 2945.27 2942.67 2941.7 2938.95 2941.98 2940.53 
2942.7 2940.5 2941.68 2937.74 2942.68 2938.08 2935.86 2941.08 
2936.82 2937.61 2939.4 2934.66 2937 2938.53 2935.83 2937.32 
2943.06 2938.51 2941.15 2941.37 2941.52 2942.17 2943.8 2944.01 
2939.97 2937.96 2940.54 2937.99 2938.52 2935.89 2939.06 2934.88 
2940 2938.19 2942.09 2940.55 2944.18 2941.93 2941.73 2940.94 
2940.4 2941.64 2942.41 2940.03 2941.93 2938.62 2940.97 2937.87 
2941.2 2940.94 2941.06 2938.24 2942.19 2941.41 2940.69 2939.02 
2939.18 2937.09 2939.35 2937.87 2937.75 2937.47 2938.11 2933.79 
2945.35 2942.13 2946.03 2943.12 2946.47 2946.57 2945.23 2944.21 
2944.94 2942.4 2947.16 2943.58 2945.08 2942.08 2944.33 2941.09 
2944.34 2942.55 2942.76 2941.83 2941.46 2943.44 2943.75 2944.07 
2941.71 2939.12 2942.02 2941.53 2942.28 2940.45 2939.15 2938.86 
2943.99 2942.07 2943.2 2944.83 2944.68 2943.53 2944.47 2941.12 
2942.94 2944.32 2946.21 2943.51 2941.07 2942.07 2943.61 2941.85 
2944.75 2941.21 2944.83 2943.53 2945.14 2943.36 2943.46 2946.04 
2943.76 2943.61 2945 2943.59 2941.07 2942.1 2942.36 2941.67 
2945.95 2941.56 2944.37 2943.95 2946.05 2944.43 2943.78 2947.25 
2944.5 2943.37 2943.82 2941.97 2942.14 2942.81 2943.85 2941.41 
2944.56 2943.37 2941.69 2940.21 2944.09 2944.67 2946.32 2944.03 
2940.85 2940.52 2943.11 2939.7 2942.93 2941.21 2939.82 2939.44 
2952.1 2949.01 2952.2 2950.35 2951.31 2951.89 2950.24 2952.54 
2952.33 2951.32 2952.2 2950.26 2950.07 2949.09 2947.74 2947.13 
2949.73 2943.48 2945.9 2945.14 2946.9 2948.31 2946.39 2946.1 
2946.5 2944.53 2946.86 2945.33 2945.83 2944.28 2944.12 2943.14 
2950.73 2948.34 2951.21 2948.9 2951.11 2947.62 2951.31 2949.11 
2946.82 2946.86 2950.15 2947.64 2948 2947.6 2946.86 2946.28 
2949.93 2948.69 2951.97 2947.13 2949.79 2948.91 2948.19 2950.32 
2947.77 2947.19 2948.41 2946.74 2950.69 2947.45 2945.97 2943.94 
2946.4 2938.76 2943.72 2945.97 2941.6 2943.92 2941.71 2939.07 
2940.28 2940.32 2944.9 2941.36 2943.45 2940.59 2946.33 2941.5 


--------[ 2018-11-02 23:54:09 ] # in Japan 
L.vdc.u1.tdc.offsets = 
2943.59 2940.38 2943.18 2943.11 2942.69 2942.17 2942.94 2942.88 
2940.7 2942.91 2940.5 2942.39 2941.11 2941.53 2941.63 2940.72 
2943.77 2940.75 2939.59 2940.01 2942.23 2941.39 2940.54 2941.65 
2940.45 2939.1 2939.71 2935.81 2937.4 2938.62 2936.1 2936.56 
2941.3 2942.34 2942.31 2943.23 2941.59 2943.34 2942.34 2941.59 
2942.12 2941.11 2940.36 2943.88 2939.54 2943.21 2939.43 2940.22 
2940.92 2941.41 2939.45 2941.22 2941.37 2942.13 2942.75 2941.18 
2937.64 2938.57 2938.57 2938.02 2938.28 2938.67 2936.42 2938.76 
2940.85 2936.86 2942.45 2940.06 2940.71 2939.7 2941.59 2940.67 
2940.74 2940.33 2941.7 2940.48 2940.13 2939.67 2939.46 2939.18 
2942.37 2942.91 2942.31 2941.78 2941.83 2943.42 2943.9 2945.62 
2941.05 2939.44 2939.64 2941.27 2942.17 2940.71 2938.13 2937.16 
2946.84 2945.36 2944.87 2945.09 2945.02 2946.3 2945.62 2946.45 
2946.63 2945.4 2944.81 2946.09 2946.05 2945.5 2946.5 2944.89 
2946.22 2944.24 2944.38 2942.93 2944.72 2944.56 2944.53 2946.85 
2942.36 2943.21 2943.96 2943.83 2941.79 2941.2 2942.32 2940.72 
2946.99 2943.42 2946.75 2945.16 2945.87 2943.1 2941.57 2944.12 
2944.04 2942.77 2942.07 2943.11 2943.69 2941.79 2940.94 2937.76 
2942.84 2943.26 2941.92 2941.73 2942.17 2943.52 2943.53 2943.21 
2939.49 2938.86 2939.23 2937.88 2937.57 2939.26 2937.28 2937.25 
2942.28 2939.3 2938.45 2939.62 2939.67 2937.62 2941.06 2938.53 
2937.46 2938.37 2940.86 2941 2938.24 2940.21 2940.08 2938.43 
2940.44 2938.77 2941.22 2937.64 2941.13 2939.55 2940.07 2941.17 
2938.24 2938.58 2937.93 2938.77 2936.4 2937.93 2935.7 2934.09 
2945.57 2944.4 2946.85 2946.96 2945.95 2944.89 2946.8 2946.32 
2947.28 2945.69 2945.4 2946.26 2944.84 2943.77 2944.38 2942.17 
2946.39 2941.83 2943.86 2942.38 2944.83 2942.88 2942.1 2944.04 
2941.69 2941.34 2940.86 2940.07 2941.54 2941.91 2943.02 2941.09 
2947.22 2940.77 2945.75 2941.73 2944.16 2945.8 2943.55 2945.53 
2945.47 2944.48 2947.12 2944.1 2945.25 2944.37 2942.55 2942.64 
2942.48 2942.33 2941.27 2941.47 2941.77 2942.83 2942.15 2941.48 
2941.51 2939.99 2942.48 2940.02 2940.75 2938.99 2941.44 2938.28 
2944.67 2945.4 2945.68 2946.03 2946.77 2948.01 2944.71 2947.27 
2945.92 2945.77 2944.32 2945.62 2945.06 2945.66 2943.54 2944.49 
2945.55 2947.41 2944.57 2945.57 2946.37 2946.84 2948.02 2946.53 
2942.5 2942.03 2943.82 2943.73 2942.33 2946.35 2943.02 2941.67 
2950.62 2947.45 2946 2947.29 2947.94 2947.25 2947.33 2947.46 
2946.56 2947.8 2948.24 2947.64 2946.79 2944.7 2946.95 2947.68 
2944.99 2942.23 2943.55 2944.18 2944.17 2944.56 2944.84 2945.37 
2944.71 2943.35 2944.01 2944.64 2943.41 2943.89 2944.36 2942.91 
2945.98 2945.77 2944.06 2947.28 2944.02 2943.48 2944.15 2945.96 
2947.13 2943 2946.11 2947.14 2947.5 2944.98 2948.37 2945.91 
2947.97 2943.88 2941.99 2944.63 2946.2 2944.75 2944.66 2944.27 
2941.98 2941.4 2945.55 2945.26 2941.23 2940.18 2942.31 2943.75 
2951.02 2944.78 2947.73 2948.02 2948.29 2945.28 2945.12 2944.67 
2950.17 2949.5 2947.91 2950.81 2948.9 2943.96 2945.63 2941.81 

L.vdc.v1.tdc.offsets = 
2944.5 2942.61 2945.75 2944.88 2945.8 2945.08 2942.99 2945.33 
2942.27 2947.07 2945.18 2945.77 2943.63 2944.55 2942.82 2943.5 
2943.28 2943.61 2945.92 2943.32 2944.5 2942.65 2941.97 2944.24 
2941.91 2941.33 2943.6 2940.81 2942.05 2942.83 2941.9 2938.17 
2945.4 2941.81 2944.03 2942.69 2946.82 2944.19 2945.69 2944.51 
2942.74 2941.83 2946.59 2944.34 2944.07 2942.56 2942.35 2940.79 
2945.89 2942.21 2944.56 2944.29 2944.82 2942.05 2942.74 2943.78 
2942.22 2943.23 2943.66 2942.52 2942.68 2941.68 2940.79 2941.19 
2947.35 2943.4 2947.18 2945.26 2945.64 2945.44 2945.01 2945.04 
2945.11 2944.4 2945.62 2945.17 2946.02 2942.56 2945.18 2943.33 
2947.56 2944.7 2947.1 2944.58 2949.29 2944.6 2944.98 2947.3 
2943.65 2942.07 2941.3 2943.75 2942.61 2942.15 2940.29 2941.89 
2951.39 2950.33 2951.44 2952.31 2952.6 2950.49 2953.08 2954.2 
2953 2951.21 2952.6 2951.8 2952.74 2951.28 2951.26 2950.62 
2951.03 2948.74 2949.92 2950.82 2954.43 2952.33 2955 2953.54 
2950.17 2946.52 2951.35 2947.04 2950.41 2948.69 2949.48 2946.83 
2952.25 2949.21 2949.93 2949.23 2953.45 2948.82 2950.17 2948.37 
2949.37 2948.93 2948.29 2948.4 2945.99 2947.66 2945.9 2943.96 
2947.33 2944.03 2948.33 2945.88 2948.42 2946.36 2946.03 2946.87 
2944.7 2944.04 2945.2 2945.32 2945.67 2942.95 2945.66 2940.75 
2947.38 2948.25 2948.63 2947.67 2949.85 2948.6 2949.01 2949.77 
2949.48 2948.07 2949.7 2948.37 2946.09 2946.99 2946.72 2947.16 
2946.4 2946.21 2947.13 2946.32 2948.05 2943.99 2946.38 2946.18 
2942.71 2942.78 2944.51 2943.78 2944.59 2941.7 2943.38 2941.56 
2951.69 2946.63 2947.67 2949.92 2949.72 2949.17 2948.46 2947.87 
2949.98 2948.83 2951.75 2950.7 2949.31 2946.1 2950.54 2948.45 
2947.9 2948.34 2950.69 2948.06 2948.88 2946.74 2949.03 2951.43 
2947.25 2946.28 2949.62 2945.63 2947.65 2945.81 2946.71 2944.73 
2950.75 2946.16 2948.91 2948.27 2948.33 2948.84 2950.16 2949.33 
2950 2949.28 2950.19 2950.62 2949.78 2946.99 2947.2 2946.27 
2952.64 2950.29 2951.12 2949.74 2951.22 2951.64 2950.64 2951.32 
2952.17 2949.8 2950.58 2948.38 2948.11 2947.22 2948.17 2946 
2952.12 2950.9 2951.09 2951.75 2950.89 2950.5 2952.33 2952.64 
2950.16 2952.33 2950.84 2951.28 2951.12 2950.57 2949.22 2949.39 
2951.94 2951.75 2955.18 2954.39 2953.75 2955.07 2956.21 2954.36 
2950.49 2952.24 2950.65 2950.2 2949.85 2950.17 2951.58 2948.83 
2957.81 2959.01 2957.65 2956.93 2955.22 2955.43 2954.72 2955.48 
2954.14 2954.38 2953.48 2954.87 2955.19 2952.99 2955.43 2955.47 
2953.11 2952.57 2954.08 2950.52 2956.56 2951.82 2950.86 2952.04 
2952.81 2951.87 2950.71 2949.3 2952.56 2949.36 2951.65 2948.44 
2955.61 2953.13 2953.09 2953.87 2954.67 2950.92 2954.98 2954.91 
2952.97 2950.59 2953.25 2954.68 2949.43 2951.47 2953.08 2949.11 
2952.64 2952.04 2952.91 2949.72 2952.39 2953.11 2951.58 2950.45 
2951.13 2948.74 2948.88 2952.14 2948.2 2949.67 2948.88 2942.02 
2951.96 2945.93 2948.5 2948.79 2951.36 2945.13 2948.17 2949.98 
2948.28 2947.58 2953.7 2950.77 2947.3 2946.5 2949.1 2937.88 

L.vdc.u2.tdc.offsets = 
2934 2933.5 2935 2932.17 2930.98 2932.44 2931.48 2933.6 
2933.53 2932.39 2934.14 2934.69 2935.43 2932.76 2934.87 2931.8 
2930.81 2930.72 2932.24 2931.61 2930.63 2930.27 2932.35 2930.61 
2927.99 2929.63 2929.99 2931.47 2928.1 2929.05 2930.02 2928.76 
2932.35 2930.13 2930.31 2929.47 2931.14 2931.68 2931.35 2930.76 
2932.34 2930.95 2931.61 2933.3 2929.13 2930.22 2930.18 2929.59 
2932.57 2929.64 2929.52 2929.82 2930.53 2930.07 2933.12 2932.02 
2929.83 2929.26 2928.71 2931.19 2929.17 2929.59 2930.83 2928.27 
2933.48 2931.62 2932.27 2931.77 2934.09 2932.33 2933.16 2933.26 
2932.54 2932.09 2932 2932.38 2932.35 2933.6 2933.48 2930.36 
2929.81 2928.36 2929.56 2930.09 2930.79 2931.92 2930.57 2930.33 
2927.29 2928.6 2929.15 2930.71 2928.05 2926.86 2929.02 2926.3 
2941.79 2940.98 2941.11 2940.89 2941.44 2940.17 2942.34 2942.52 
2941.78 2941.23 2942.53 2941.07 2941.83 2941.78 2940.27 2940.65 
2941.14 2938.3 2941.84 2937.31 2941.11 2940.26 2938.48 2941.87 
2939.66 2938.49 2939.06 2936.71 2937.79 2938.22 2937.61 2937.56 
2941.17 2937.42 2940.98 2938.13 2940.2 2938.4 2938.52 2935.35 
2937.46 2937.08 2937.64 2934.72 2937.88 2935.07 2933.88 2934.96 
2937.14 2932.48 2936.96 2933.14 2934.98 2934.82 2935.19 2935.58 
2932.52 2932.33 2934.08 2934.1 2934.27 2932.89 2932.7 2930.04 
2937.35 2935.34 2935.63 2937.59 2937.11 2936.97 2937.33 2936.21 
2935.15 2935.8 2937.4 2935.39 2935.38 2936.55 2933.59 2933.29 
2935.75 2937.88 2936.26 2939.38 2937.06 2935.37 2939.32 2937.31 
2934.16 2934.41 2932.88 2934.35 2932.75 2934.01 2932.24 2931.13 
2940.59 2938.25 2938.17 2937.7 2939.06 2937.23 2938.03 2938.26 
2939.79 2937.83 2939.52 2937.73 2937.1 2937.78 2937.34 2936.47 
2940.81 2938.87 2938.01 2938.94 2939.41 2939.03 2939.29 2938.98 
2938.14 2936.6 2936.59 2936.56 2936.12 2937.92 2937.72 2935.75 
2940.78 2940.77 2938.22 2941.78 2941.71 2941.87 2941.11 2941.01 
2942.35 2942.04 2941.69 2941.37 2941.79 2942.55 2939.21 2940.53 
2942.02 2938.69 2939.36 2939.18 2938.99 2938.53 2940.51 2940.41 
2938.46 2938 2937.88 2938.79 2938.07 2937.93 2935.51 2936.65 
2941 2937.15 2939.53 2939.03 2940.62 2939.55 2939.59 2939.98 
2940.38 2938.3 2937.63 2941.42 2940.01 2937.26 2939 2937.64 
2939.64 2939.4 2936.52 2937.04 2937.36 2939.11 2939.53 2940.18 
2936.77 2936.96 2938.51 2939.02 2937.62 2938.17 2934.52 2935.3 
2946.43 2944.37 2946 2945.65 2945.83 2945.25 2946.55 2946.78 
2946.76 2947.21 2946.1 2946.57 2946.9 2945.21 2946.46 2943.18 
2944.75 2941.61 2943.79 2941.27 2945.11 2943.12 2942.16 2940.62 
2941.87 2940.09 2937.87 2940.24 2942.31 2940.57 2940.85 2940.09 
2944.81 2941.59 2944.74 2942.99 2943.73 2943.5 2943.5 2941.67 
2942.21 2941.22 2944.21 2944.13 2942.24 2942.18 2943.54 2941.52 
2944.42 2942.98 2944.85 2939.55 2943.97 2942.21 2945.92 2943.31 
2942.87 2938.63 2941.01 2940.14 2942.32 2940.53 2940.82 2939.74 
2943.6 2939.3 2939.59 2942.98 2938.25 2942.39 2940.79 2940.55 
2939.44 2941.02 2939.26 2942.24 2937.7 2937.13 2935.31 2936.5 

L.vdc.v2.tdc.offsets = 
2940.75 2939.68 2940.5 2937.5 2941.5 2941.81 2943.27 2939.79 
2940.67 2940.55 2942.7 2943.14 2942.13 2940.62 2941.27 2940.44 
2939.97 2938.99 2944.56 2938.88 2944.26 2938.25 2939.22 2940.77 
2937.97 2936.01 2939.08 2937.38 2939.87 2937.23 2939.29 2935.42 
2941.39 2939.38 2943.23 2939.56 2944.14 2940.99 2940.99 2940.19 
2940.5 2939.48 2942.3 2939.99 2942.04 2939.27 2939.78 2939.38 
2938.58 2936.23 2939.49 2939.4 2940.81 2939.5 2942 2940.94 
2939.83 2940.16 2939.01 2937.94 2938.27 2938.02 2941.11 2935.93 
2941.09 2938.06 2942.37 2939.22 2942.89 2941.15 2943.05 2943.36 
2942.02 2943.32 2943.58 2943.19 2940.28 2939.27 2941.56 2942.38 
2942.35 2940.09 2942.8 2940.11 2943.37 2941.8 2942.99 2943.17 
2940.23 2937.32 2942.36 2940.32 2940.95 2937.79 2941.41 2937.85 
2951.47 2945.89 2947.19 2946.14 2948.72 2948.61 2947.13 2945.99 
2947.95 2948.03 2947.39 2949.48 2946.64 2947.22 2947.52 2947.05 
2949.6 2945.07 2947.3 2946.05 2949.31 2945.26 2946.17 2945.28 
2942.45 2942.51 2943.11 2943.95 2941.59 2941.46 2944.32 2938.88 
2943.32 2939.48 2939.19 2938.3 2941.17 2940.72 2936.39 2939.3 
2938.73 2936.99 2938.01 2936.12 2936.12 2936.67 2936.38 2935.55 
2942.91 2940.18 2941.46 2940.47 2944.09 2942.66 2943.27 2941.8 
2938.91 2938.57 2939.6 2939.36 2939.56 2936.44 2938.54 2937.89 
2942.69 2937.89 2942.76 2942.13 2942.79 2942.35 2942.03 2940.01 
2941.59 2941.91 2941.87 2942.56 2941.72 2939.28 2938.55 2937.82 
2942.44 2941.23 2942.17 2939.25 2940.9 2940.89 2942.05 2940.42 
2940.24 2937.18 2939.29 2937.52 2938.39 2937.73 2937.13 2937.22 
2943.88 2941.79 2947.78 2944.56 2947.17 2945.98 2944.48 2944.04 
2944.51 2944.33 2944.96 2945.15 2944.94 2942.24 2945.1 2940.99 
2944.36 2940.99 2941.41 2941.29 2943.46 2942.43 2944.36 2943.3 
2943.18 2938.07 2941.19 2941.35 2940.02 2940.92 2939.66 2938.66 
2943.4 2941.75 2941.9 2944.64 2943.31 2942 2946.26 2942.55 
2945.4 2942.61 2944.54 2942.59 2942.6 2942.23 2944.2 2941.64 
2945.91 2943.94 2944.74 2944.94 2946 2944.03 2942.28 2945.61 
2942.5 2941.94 2942.49 2941.98 2943.94 2941.06 2942.51 2939.16 
2945.76 2941.63 2945.69 2943.53 2944.76 2943.83 2945.8 2943.83 
2944.42 2943.86 2944.61 2943.7 2942.84 2942.96 2944.21 2941.69 
2945.01 2942.61 2944.5 2942.6 2944.39 2942.29 2945 2943.91 
2942.18 2940.77 2942.93 2939.18 2942.49 2943.05 2942.44 2940.33 
2951.22 2948.78 2952.36 2949.5 2950.05 2949.88 2950.16 2951.78 
2950.77 2950.04 2950.45 2951.1 2951.03 2951.57 2946.28 2945.8 
2950.72 2949.33 2947.82 2948.29 2947.31 2948.14 2950.55 2949.48 
2944.88 2946.27 2946.34 2943.86 2944.72 2944.55 2946.69 2943.71 
2950.88 2945.74 2949.28 2948.47 2952.02 2949.64 2949.27 2950.06 
2947.82 2947.45 2950.15 2947.64 2948 2947.6 2946.86 2946.28 
2949.93 2948.69 2951.97 2947.13 2949.79 2948.91 2948.19 2950.32 
2947.77 2947.19 2948.41 2946.74 2950.69 2947.45 2945.97 2943.94 
2946.4 2938.76 2943.72 2945.97 2941.6 2943.92 2941.71 2939.07 
2940.28 2940.32 2944.9 2941.36 2943.45 2940.59 2946.33 2941.5 

--------[ 2018-11-07 06:25:39 ] # in Japan 
L.vdc.u1.tdc.offsets = 
2943.59 2940.38 2943.18 2943.11 2942.69 2942.17 2942.94 2942.88 
2940.7 2942.91 2940.5 2942.39 2941.11 2941.53 2941.63 2940.72 
2943.77 2940.75 2939.59 2940.01 2942.23 2941.39 2940.54 2941.65 
2940.45 2939.1 2939.71 2935.81 2937.4 2938.62 2936.1 2936.56 
2941.3 2942.34 2942.31 2943.23 2941.59 2943.34 2942.34 2941.59 
2942.12 2941.17 2938.5 2939.33 2938.46 2942.19 2939.65 2940 
2940.56 2938.38 2940.64 2940.9 2940.67 2941.36 2940.12 2939.59 
2936.67 2936.95 2937.03 2936.24 2936.66 2937.23 2937.4 2934.54 
2941.14 2937.88 2940.3 2937.88 2942.33 2940.88 2939.39 2940.92 
2939.5 2939.41 2942.65 2940.25 2940.81 2939 2940.73 2936.98 
2943.98 2944.5 2942.08 2940.99 2940.34 2944.21 2944.3 2944.72 
2938.88 2939.85 2940.39 2940.31 2940.46 2942.14 2939.39 2939.01 
2945.28 2945.91 2945.28 2944.83 2946.7 2946.28 2948.79 2946.71 
2947 2946.38 2946.37 2945.09 2945.58 2945.85 2944.95 2943.35 
2948.01 2942.69 2943.89 2944.29 2944.63 2943.13 2943.17 2945.08 
2942.2 2941.52 2944.09 2940.42 2942.5 2941.42 2943.76 2940.42 
2947.23 2943.15 2944.84 2942.57 2943.93 2945.01 2941.36 2944.68 
2942.66 2943.27 2943.77 2940.39 2942.73 2939.89 2941.03 2940.1 
2943.54 2940.42 2941.21 2942.14 2940.99 2942.99 2943.74 2943.31 
2938.61 2941.88 2940.3 2937.31 2937.76 2939.81 2937.28 2938.46 
2940.57 2938.32 2938.47 2937.72 2936.94 2937.68 2939.78 2938.9 
2937.24 2938.89 2939.21 2939.47 2939.31 2939.77 2939.79 2939.07 
2942.15 2937.21 2941.56 2937.47 2939.87 2938.57 2938.69 2939.57 
2938.11 2938.65 2937.37 2935.39 2937.29 2936.18 2937.82 2934.42 
2946.94 2947.5 2945.26 2945.48 2945.3 2944.57 2944.71 2947.5 
2947.23 2944.4 2944.47 2945.9 2944.5 2945.63 2942.5 2942.06 
2944.17 2940.16 2944.9 2943.04 2944.64 2942.51 2944.74 2943.15 
2942.32 2941.53 2942.11 2940.39 2941.69 2940.32 2941.55 2940.33 
2948.05 2942.08 2945.35 2944.37 2944.37 2943.25 2942.06 2944.08 
2943.85 2943.2 2945.92 2944.29 2945.35 2944.55 2944.25 2943.05 
2944.5 2941.95 2942.33 2941.76 2941.56 2943.12 2942.01 2943.78 
2938.83 2939.12 2938.6 2941.6 2941.91 2939.73 2939.87 2937.86 
2946.16 2944.9 2944.85 2944.87 2944.7 2944.59 2945.98 2946.79 
2946.89 2947.72 2946.96 2944.45 2942.66 2947.48 2943.41 2944.87 
2946.06 2944.71 2943.77 2945.47 2947.96 2945.18 2948.19 2947.78 
2941.86 2940.89 2944.56 2943.44 2944.97 2945.36 2942.02 2944.11 
2948.53 2948.33 2947.3 2945.45 2945.65 2945.36 2945.6 2946.31 
2946.8 2946.73 2946.55 2946.43 2947.84 2945.29 2943.79 2943.32 
2944.74 2944.45 2942.79 2941.23 2941.83 2942.87 2943.79 2943.39 
2941.99 2943.37 2942.9 2943.61 2944.3 2943.27 2943.37 2940.39 
2946.83 2945.9 2945.6 2943.77 2946.29 2944.76 2944.28 2948.17 
2946.5 2941.37 2946.11 2947.14 2947.5 2944.98 2948.37 2945.91 
2947.97 2943.88 2941.99 2944.63 2946.2 2944.75 2944.66 2944.27 
2941.98 2941.4 2945.55 2945.26 2941.23 2940.18 2942.31 2943.75 
2951.02 2944.78 2947.73 2948.02 2948.29 2945.28 2945.12 2944.67 
2950.17 2949.5 2947.91 2950.81 2948.9 2943.96 2945.63 2941.81 

L.vdc.v1.tdc.offsets = 
2944.5 2942.61 2945.75 2944.88 2945.8 2945.08 2942.99 2945.33 
2942.27 2947.07 2945.18 2945.77 2943.63 2944.55 2942.82 2943.5 
2943.28 2943.61 2945.92 2943.32 2944.5 2942.65 2941.97 2944.24 
2941.91 2941.33 2943.6 2940.81 2942.05 2942.83 2941.9 2938.17 
2945.4 2941.81 2944.03 2942.69 2946.82 2944.19 2945.69 2944.51 
2942.74 2938.15 2943.5 2941.7 2945.65 2941.77 2943.94 2941.85 
2943.59 2943.57 2944.88 2942.9 2944.59 2942.6 2943.3 2943.28 
2941.24 2940.96 2941.14 2945.42 2942.23 2938.67 2943.53 2938.55 
2946.67 2942.55 2945.99 2945.07 2947.92 2944.19 2943.88 2946.67 
2944.46 2943.85 2947.8 2946.33 2946.5 2945.55 2945.07 2940.4 
2945.14 2942.97 2945.91 2943.95 2947.31 2947.17 2944.7 2944.65 
2943.42 2942.08 2942.13 2942.46 2941.74 2943.74 2940.14 2941 
2949.92 2948.81 2950.82 2951.42 2951.94 2950.84 2952.76 2952.91 
2949.7 2952.35 2954.26 2949.95 2952.5 2948.12 2951.7 2947.89 
2951.12 2949.92 2949.54 2952.35 2952.85 2951.77 2952.83 2952.81 
2950.71 2947.36 2948.95 2947.82 2949.14 2949.19 2949.27 2947.66 
2948.8 2947.46 2951.93 2951.91 2950.41 2949.87 2949.15 2951.18 
2947.31 2946.42 2947.96 2946.19 2947.25 2947.34 2944.52 2943.64 
2946.25 2944.2 2948.19 2946.06 2947.42 2944.91 2944.27 2947.25 
2945.08 2943.06 2945.97 2944.98 2946.81 2944.92 2942.57 2943.13 
2948.27 2946.9 2946.34 2949.63 2950.24 2949.29 2950.72 2948.69 
2947.7 2949.02 2949.41 2946.93 2948.47 2947.31 2949.08 2944.82 
2948.87 2944.87 2946.37 2946.46 2946.38 2945.29 2947.53 2947.93 
2944.34 2944.19 2944.5 2944 2941.88 2942.62 2945.32 2940.44 
2951.25 2946.41 2949.79 2948.72 2950.74 2948.11 2950.3 2946.52 
2950.05 2948.07 2947.55 2951.55 2950.13 2945.82 2948.58 2947.44 
2947.53 2948.27 2945.68 2948.02 2948.22 2945.08 2951.01 2949.81 
2950.21 2947.87 2948.81 2944.42 2944.85 2943.4 2947.95 2942.05 
2949.19 2947.29 2949.11 2948.86 2946.82 2947.28 2948.72 2949.24 
2949.18 2948.61 2949.91 2948.32 2947.46 2948.1 2948.58 2945.31 
2949.46 2948.29 2953.63 2950.5 2951.18 2949.98 2951.25 2950.08 
2948.3 2947.91 2947.34 2946.31 2947.43 2944.59 2945.56 2945.31 
2952.56 2950.14 2950.45 2950.9 2954.66 2949.94 2953.43 2953.37 
2949.73 2954.1 2949.79 2950.29 2950.06 2953.91 2949.14 2949.5 
2951.22 2949.22 2952.59 2954.07 2951.01 2952.83 2956.05 2956.54 
2951.22 2951.21 2950.97 2948.94 2950.73 2949 2949.4 2949.2 
2955.03 2958.79 2958.28 2957.83 2953.36 2955.83 2956.93 2957.82 
2955.12 2954.67 2953.94 2954.09 2952.58 2952.47 2953.29 2951.46 
2954.1 2950.81 2953.27 2950.88 2953.36 2949.65 2951.83 2953.43 
2950.76 2949.73 2950.66 2950.5 2950.1 2951.23 2949.95 2948.81 
2952.86 2949.88 2952.46 2952.41 2954.1 2953.12 2947.41 2950.85 
2950.65 2950.9 2953.25 2954.68 2949.43 2951.47 2953.08 2949.11 
2952.64 2952.04 2952.91 2949.72 2952.39 2953.11 2951.58 2950.45 
2951.13 2948.74 2948.88 2952.14 2948.2 2949.67 2948.88 2942.02 
2951.96 2945.93 2948.5 2948.79 2951.36 2945.13 2948.17 2949.98 
2948.28 2947.58 2953.7 2950.77 2947.3 2946.5 2949.1 2937.88 

L.vdc.u2.tdc.offsets = 
2934 2933.5 2935 2932.17 2930.98 2932.44 2931.48 2933.6 
2933.53 2932.39 2934.14 2934.69 2935.43 2932.76 2934.87 2931.8 
2930.81 2930.72 2932.24 2931.61 2930.63 2930.27 2932.35 2930.61 
2927.99 2929.63 2929.99 2931.47 2928.1 2929.05 2930.02 2928.76 
2932.35 2930.13 2930.31 2929.47 2931.14 2931.68 2931.35 2930.76 
2932.34 2929.38 2931.31 2931.81 2929.39 2928.65 2929.79 2929.12 
2929.5 2931 2932.82 2929.85 2929.08 2931.57 2932 2931.37 
2929.99 2928.67 2928.63 2930.88 2929.21 2929.8 2930.33 2930.5 
2932.79 2931.45 2932.59 2932.55 2933.61 2930.5 2933.83 2931.54 
2930.41 2930.69 2931.5 2931.99 2931.12 2932.13 2933.42 2930.36 
2928.79 2929.7 2928.01 2930.16 2928.41 2929.15 2931.13 2931.31 
2928.24 2925.81 2930.14 2928.17 2928.4 2926.99 2928.74 2926.3 
2941.82 2941.4 2938.31 2940.05 2940.4 2941.54 2942.32 2941.8 
2940.99 2944.61 2940.97 2943.18 2939.5 2943.07 2938.95 2939.59 
2940.92 2936.88 2940.78 2937.09 2941.43 2940.54 2938.17 2942.11 
2937.01 2938.83 2939.67 2937.77 2938.92 2939.29 2934.89 2936.93 
2941.45 2936.67 2939.22 2936.13 2939.5 2936.72 2938 2938.85 
2936.28 2936.87 2938.7 2936.12 2938.3 2931.92 2934.31 2933.83 
2935.54 2932.65 2935.76 2932.27 2937.62 2935.07 2934.41 2934.01 
2931.12 2931.38 2932.29 2931.83 2933.26 2934.11 2933.21 2929.9 
2935.45 2936.41 2937.01 2937.03 2936.79 2935.19 2935.7 2938.73 
2936.54 2935.65 2936 2936.9 2936.09 2936.25 2933.43 2934.55 
2938.18 2936.2 2935.55 2938.12 2938.46 2935.81 2939 2938.27 
2933.38 2934.39 2934.55 2935.91 2933.39 2934.77 2930.37 2932.75 
2938.31 2937.63 2940.69 2937.15 2938.29 2937.78 2938.59 2938.57 
2940.14 2936.93 2937.05 2937.94 2940.02 2938.14 2937.47 2935.81 
2938.8 2940.03 2937.73 2938.27 2937.95 2936.61 2939.16 2937.06 
2935.58 2939.24 2936.82 2936.53 2938.31 2939.54 2935.62 2934.12 
2940.17 2942.55 2940.14 2941.98 2940.71 2938.77 2942.28 2940.24 
2941.18 2942.14 2942.11 2942.5 2940.41 2940.22 2940.28 2941.88 
2940.85 2939.65 2940.28 2940.25 2941.07 2937.65 2941.25 2942.55 
2938.69 2936.04 2936.53 2937.45 2935.54 2935.47 2935.89 2933.71 
2940.24 2936.67 2937.98 2935.95 2939.18 2939.64 2937.95 2940.54 
2938.66 2938.77 2937.69 2938.98 2939.76 2938.88 2938.5 2935.63 
2939.66 2938.15 2937.28 2936.12 2935.93 2938.57 2937.9 2938.94 
2937.67 2936.71 2937.82 2935.79 2937.43 2937.5 2934.8 2935.73 
2944.99 2943.97 2944.99 2943.52 2947.47 2947.08 2944.78 2948.64 
2945.04 2948.22 2947.66 2946.62 2944.53 2946.79 2941.9 2943.76 
2944.93 2941.22 2943.83 2942.48 2943.1 2942.27 2941.37 2943.42 
2942.3 2937.58 2940.39 2940.48 2937.55 2939.41 2937.65 2938.27 
2945.53 2944.09 2943.36 2940.45 2942.57 2940.6 2943.61 2941 
2941.79 2941.82 2944.21 2944.13 2942.24 2942.18 2943.54 2941.52 
2944.42 2942.98 2944.85 2939.55 2943.97 2942.21 2945.92 2943.31 
2942.87 2938.63 2941.01 2940.14 2942.32 2940.53 2940.82 2939.74 
2943.6 2939.3 2939.59 2942.98 2938.25 2942.39 2940.79 2940.55 
2939.44 2941.02 2939.26 2942.24 2937.7 2937.13 2935.31 2936.5 

L.vdc.v2.tdc.offsets = 
2940.75 2939.68 2940.5 2937.5 2941.5 2941.81 2943.27 2939.79 
2940.67 2940.55 2942.7 2943.14 2942.13 2940.62 2941.27 2940.44 
2939.97 2938.99 2944.56 2938.88 2944.26 2938.25 2939.22 2940.77 
2937.97 2936.01 2939.08 2937.38 2939.87 2937.23 2939.29 2935.42 
2941.39 2939.38 2943.23 2939.56 2944.14 2940.99 2940.99 2940.19 
2940.5 2940.03 2940.21 2939.15 2939.12 2938.09 2937.97 2938.97 
2936.65 2938.36 2939.39 2937.66 2939.68 2941.69 2942.2 2941.11 
2937.71 2938 2937.09 2938.85 2938.83 2935.8 2936.24 2935.65 
2942.18 2938.76 2940.2 2941.78 2940.46 2940.5 2943.98 2940.72 
2941.1 2941.6 2942.3 2937.93 2940.86 2942.3 2941.01 2941.44 
2941.34 2938.66 2940.65 2938.55 2941.39 2940.66 2941.11 2940.88 
2940.86 2939.81 2941.98 2938.73 2940.88 2938.38 2941.5 2939.38 
2948.98 2946.5 2948.16 2947.23 2951.36 2945.47 2945.5 2948.01 
2947.01 2949.97 2950.26 2948.14 2947.89 2948.43 2947.55 2945.58 
2948.36 2944.17 2947.99 2945.42 2947.36 2944.55 2945.66 2947.82 
2943.15 2942.02 2944.03 2942.33 2941.6 2940.02 2944.26 2937.32 
2944.13 2939.72 2942.5 2938.58 2939.65 2938.79 2938.3 2939.65 
2937.54 2938.72 2939.46 2935.26 2936.14 2936.93 2935.65 2937.99 
2942.23 2940.21 2941.7 2938.94 2941.77 2941.93 2942.58 2940.5 
2941.2 2936.83 2940.75 2939.89 2937.87 2937.96 2936.01 2934.89 
2941.2 2939.02 2940.86 2938.66 2941.71 2941.91 2941.17 2940.43 
2940.97 2941 2942.58 2941.5 2941.72 2938.28 2939.05 2937.17 
2942.08 2939.03 2941.31 2939.34 2941.8 2941.48 2940.62 2939.16 
2936.95 2936.36 2939.22 2939.5 2938.14 2934.89 2938.58 2934.57 
2945.01 2942.33 2943.7 2942.62 2943.68 2942.77 2942.77 2946.03 
2943.92 2943.71 2943.35 2943.25 2943.05 2942.55 2944.8 2943.28 
2944.57 2942.04 2943.21 2940.66 2944.9 2943.8 2944.5 2943.3 
2942.05 2939.27 2942.33 2938.39 2942.26 2940.78 2939.79 2938.74 
2943.68 2943.11 2944.05 2943.18 2943.54 2942.58 2943.44 2941.56 
2941.96 2944.8 2944.35 2940.89 2941.91 2942.78 2944.59 2942.83 
2946.54 2941.33 2943.69 2943.23 2945.81 2943 2941.71 2944.44 
2939.56 2941.91 2941.8 2939.84 2945.35 2944.57 2942.6 2940.55 
2944.88 2942.81 2944.55 2943.42 2943.37 2942.28 2944.11 2945.54 
2942.65 2942.88 2944.77 2943.17 2943.21 2943.22 2944.02 2940.93 
2944.09 2940.34 2945.63 2939.8 2943.84 2940.77 2946.59 2942.37 
2941.14 2936.62 2940.38 2941.87 2942.25 2939.5 2943.46 2942.67 
2950.69 2947.01 2951.87 2947.71 2952.42 2952.81 2950.21 2949.64 
2949.71 2949.5 2952.04 2949.78 2950.3 2947.42 2947.38 2946.5 
2948.59 2946.33 2948.02 2945.27 2947.25 2949.17 2950.55 2947.61 
2946 2945.55 2946.96 2943.82 2945.03 2940.62 2945.11 2941.9 
2949.58 2947 2949.17 2947.15 2949.33 2948.57 2949.07 2946.8 
2945.32 2946.42 2950.15 2947.64 2948 2947.6 2946.86 2946.28 
2949.93 2948.69 2951.97 2947.13 2949.79 2948.91 2948.19 2950.32 
2947.77 2947.19 2948.41 2946.74 2950.69 2947.45 2945.97 2943.94 
2946.4 2938.76 2943.72 2945.97 2941.6 2943.92 2941.71 2939.07 
2940.28 2940.32 2944.9 2941.36 2943.45 2940.59 2946.33 2941.5 


--------[ 2018-11-10 11:56:58 ] # in Japan 
L.vdc.u1.tdc.offsets = 
2943.59 2940.38 2943.18 2943.11 2942.69 2942.17 2942.94 2942.88 
2940.7 2942.91 2940.5 2942.39 2941.11 2941.53 2941.63 2940.72 
2943.77 2940.75 2939.59 2940.01 2942.23 2941.39 2940.54 2941.65 
2940.45 2939.1 2939.71 2935.81 2937.4 2938.62 2936.1 2936.56 
2941.3 2942.34 2942.31 2943.23 2941.59 2943.34 2942.34 2941.59 
2942.12 2940.03 2939.5 2939.21 2937.95 2940.37 2939.07 2935.86 
2938.61 2939.1 2938.45 2941.76 2939.13 2935.94 2939.83 2940.98 
2936.57 2936.38 2936.19 2936.67 2934.6 2935.75 2937.67 2934.43 
2941.31 2938.92 2940.42 2937.05 2942.5 2939.93 2939.41 2938.62 
2938.45 2940.18 2941.79 2939.95 2939.72 2941.9 2937.99 2936.81 
2941.11 2941.78 2941.53 2939.12 2940.9 2943.79 2943.7 2943.63 
2940.85 2939.76 2937.46 2937.64 2937.66 2940.89 2937 2937.5 
2946.5 2947.1 2944.73 2945.09 2944.3 2943.1 2946.79 2946.25 
2945.67 2944.79 2944.47 2944.26 2944.05 2944.36 2943.34 2943.43 
2944.5 2946.5 2943.05 2944.81 2945.68 2941.33 2944.53 2946.2 
2944.28 2941.04 2942.83 2939.65 2943.46 2942.2 2940.05 2939.87 
2944.71 2943.16 2943.59 2943.04 2946.56 2940.01 2940.03 2941.99 
2941.93 2942.3 2940.73 2942.5 2941 2938.38 2937.08 2938.53 
2941.75 2942.5 2940.29 2941.98 2940.18 2941.39 2945 2940.95 
2938.9 2937.59 2936.5 2937.72 2937.67 2937.06 2936.57 2935.87 
2938.4 2936.08 2935.8 2937.54 2936.07 2936.14 2936.61 2939.09 
2937.65 2935.68 2937.61 2939.12 2936.5 2936.46 2938.98 2937.21 
2938.55 2937.59 2939.76 2938.32 2939.27 2938.77 2938.62 2939.74 
2934.7 2936.16 2936.45 2938.4 2937.66 2935.58 2934.73 2933.9 
2946.31 2947.1 2944.54 2945.61 2945.3 2945.35 2945.36 2945.6 
2947.55 2945.78 2944.99 2944.52 2946.38 2947.9 2943.32 2941.54 
2944.39 2941.44 2943.65 2943.61 2945.85 2941.57 2944.59 2942.2 
2939.88 2941.56 2943.85 2943.21 2942.1 2942.33 2940.21 2939.53 
2947.9 2943.3 2944.24 2940.18 2946.56 2942.76 2945.03 2942.8 
2946.17 2941.64 2943.66 2943.82 2943.8 2943.5 2941.31 2941.32 
2943.55 2940.99 2939.79 2941.64 2940.17 2943.18 2941.52 2942.2 
2939.5 2937.71 2941.06 2941.36 2940.27 2940.34 2939.17 2937.21 
2943.12 2943.68 2944.05 2944.5 2944.37 2943.61 2945.68 2943.54 
2943.32 2944.9 2946.42 2942.78 2941.92 2947.26 2944.18 2942.18 
2945.5 2947.45 2943.39 2945.72 2946.73 2944.09 2947.71 2944.88 
2941.9 2941.81 2941.4 2942.9 2940.53 2942.36 2941.36 2940.54 
2948.3 2944.68 2945.52 2944.84 2947.18 2945.5 2946.08 2945.04 
2945.85 2945.02 2944.98 2946.61 2944.85 2944.71 2944.38 2943.05 
2943.98 2940.14 2942.92 2942.37 2943.05 2939.21 2941.64 2944.61 
2942.75 2940.14 2943.9 2942.2 2941.1 2942.3 2942.06 2941.39 
2943.17 2941.25 2942.9 2941.55 2945.5 2944.36 2942.38 2945.5 
2945.61 2944.17 2946.11 2947.14 2947.5 2944.98 2948.37 2945.91 
2947.97 2943.88 2941.99 2944.63 2946.2 2944.75 2944.66 2944.27 
2941.98 2941.4 2945.55 2945.26 2941.23 2940.18 2942.31 2943.75 
2951.02 2944.78 2947.73 2948.02 2948.29 2945.28 2945.12 2944.67 
2950.17 2949.5 2947.91 2950.81 2948.9 2943.96 2945.63 2941.81 

L.vdc.v1.tdc.offsets = 
2944.5 2942.61 2945.75 2944.88 2945.8 2945.08 2942.99 2945.33 
2942.27 2947.07 2945.18 2945.77 2943.63 2944.55 2942.82 2943.5 
2943.28 2943.61 2945.92 2943.32 2944.5 2942.65 2941.97 2944.24 
2941.91 2941.33 2943.6 2940.81 2942.05 2942.83 2941.9 2938.17 
2945.4 2941.81 2944.03 2942.69 2946.82 2944.19 2945.69 2944.51 
2942.74 2941.12 2944.38 2940.32 2943.27 2941.74 2942.45 2939.7 
2942.8 2940.83 2943.76 2942.79 2946.12 2944.39 2941.15 2940.56 
2939.58 2940.73 2941 2939.76 2941.06 2939.35 2940.71 2938.03 
2945.42 2942.96 2947.72 2942.67 2946.79 2945.18 2943.94 2945.36 
2943.6 2943.29 2943.75 2942.02 2943.59 2941.62 2945.5 2941.84 
2943.4 2942.36 2945.41 2941.22 2945.98 2942.35 2946.13 2943.8 
2943.21 2938.45 2940.3 2941.41 2942.17 2943.11 2940.4 2937.55 
2950.32 2946.28 2951.44 2948.15 2950.4 2950.83 2948.91 2949.23 
2950 2949.75 2950.21 2950.94 2952.33 2951.18 2949.88 2946.04 
2950.54 2947.4 2949.11 2950.06 2952.17 2951.44 2954.82 2953.81 
2949.5 2948.28 2950.92 2946.56 2949.95 2948.18 2949.4 2949.44 
2950.97 2948.47 2949.18 2947.74 2950.17 2948.93 2946.45 2946.45 
2945.5 2945 2948.34 2945.96 2946.6 2944.23 2942.68 2943.73 
2944.3 2946.05 2945.76 2942.32 2948.24 2948.66 2944.07 2945.22 
2940.9 2944.84 2944.8 2943.33 2942.7 2941.32 2941.42 2940.93 
2946.1 2945.15 2945.46 2946.9 2948.31 2945.5 2950.7 2948.34 
2946.64 2946.5 2947.61 2944.9 2947.42 2945.06 2945.93 2943.21 
2948.4 2943.27 2944.86 2944.85 2942.67 2943.53 2950.89 2945.31 
2942.32 2941.56 2944.19 2943.09 2944.09 2941.89 2941.25 2941.24 
2948.01 2946.74 2946.6 2948.13 2947.24 2947.64 2949.37 2948.95 
2948.72 2946.5 2947.91 2949.16 2945.63 2946.12 2950.79 2946.45 
2945.39 2945.58 2949.5 2946.27 2951.06 2947.24 2946.45 2948.6 
2945.8 2944.18 2946.83 2945.96 2946.28 2944.56 2946.94 2944.11 
2950.32 2945.34 2947.39 2943.92 2947.85 2946.89 2946.41 2948.15 
2947.64 2948.77 2945 2946.83 2944.69 2946.95 2945.99 2944.77 
2951.5 2949.94 2948.9 2948.04 2952.5 2950.07 2951.1 2948.26 
2948.53 2949.07 2948.63 2948.5 2947.24 2944.57 2945.38 2943.95 
2949.56 2951.18 2948.05 2948.28 2950.75 2950.33 2950.35 2952.44 
2949.58 2948.5 2947.59 2948.64 2949.65 2949.03 2947.77 2946.09 
2949.42 2953.42 2953 2950.73 2953 2954.82 2953.69 2952.43 
2950.25 2951.64 2948.77 2948.42 2950.71 2946.22 2949.17 2947.28 
2955.4 2957.71 2955.66 2957.83 2952.54 2954.72 2953.9 2955.71 
2951.5 2953.97 2953.36 2951.15 2953.26 2954.59 2950.14 2950.98 
2954.1 2952.33 2953.42 2951.1 2951.29 2949.58 2950.18 2950.71 
2951.86 2949.42 2947.79 2948.74 2951 2947.61 2949.17 2946.93 
2951.67 2949.06 2953.06 2949.64 2950.97 2953.66 2945.88 2954.17 
2951.67 2951.05 2953.25 2954.68 2949.43 2951.47 2953.08 2949.11 
2952.64 2952.04 2952.91 2949.72 2952.39 2953.11 2951.58 2950.45 
2951.13 2948.74 2948.88 2952.14 2948.2 2949.67 2948.88 2942.02 
2951.96 2945.93 2948.5 2948.79 2951.36 2945.13 2948.17 2949.98 
2948.28 2947.58 2953.7 2950.77 2947.3 2946.5 2949.1 2937.88 

L.vdc.u2.tdc.offsets = 
2934 2933.5 2935 2932.17 2930.98 2932.44 2931.48 2933.6 
2933.53 2932.39 2934.14 2934.69 2935.43 2932.76 2934.87 2931.8 
2930.81 2930.72 2932.24 2931.61 2930.63 2930.27 2932.35 2930.61 
2927.99 2929.63 2929.99 2931.47 2928.1 2929.05 2930.02 2928.76 
2932.35 2930.13 2930.31 2929.47 2931.14 2931.68 2931.35 2930.76 
2932.34 2930.76 2930.66 2929.53 2928 2929.64 2929.55 2929.83 
2929.57 2929.21 2929.05 2931.56 2928.54 2928.8 2930.33 2928.5 
2930.42 2930.4 2928.82 2931.3 2929.18 2928.3 2930.5 2928.02 
2934.07 2929.57 2931.03 2933.37 2929.31 2930.62 2931.06 2931.98 
2930.14 2929.74 2932.06 2932.34 2933.33 2931.75 2933.37 2929.57 
2928.57 2928.44 2928.67 2928.65 2928.21 2929.06 2929.62 2930.37 
2929.56 2924.83 2927.29 2926.17 2926.31 2927.56 2927.69 2926.27 
2942.03 2939.27 2937.55 2939.5 2939.68 2942.86 2941 2938.64 
2942.44 2940.62 2941.29 2940.4 2940.43 2942.14 2939.9 2938.26 
2938.56 2936.96 2940.31 2940.83 2941.74 2939.57 2937.24 2942.17 
2939.82 2937.5 2938.9 2937.36 2937.5 2934.64 2936.43 2937.8 
2939.06 2935.52 2936.93 2936.76 2934.92 2936.74 2935.89 2935.7 
2937.67 2935.03 2936.19 2933.04 2936.79 2935.36 2934.43 2933.77 
2936.17 2932.15 2932.88 2933.65 2936.07 2935.5 2932.37 2934.1 
2932.5 2932.7 2933.73 2931.83 2933.58 2932.55 2930.13 2931.83 
2936.23 2932.75 2935.01 2934.03 2937.86 2937.12 2936.44 2935.46 
2933.88 2935.17 2937.43 2936.79 2937.67 2935.72 2933.35 2931.92 
2933.29 2937.86 2933 2934.64 2937.5 2933.37 2934.95 2937.91 
2932.04 2933.25 2932.22 2933.76 2933.55 2932.85 2931.87 2934.44 
2937.48 2935.05 2935.56 2935.36 2937.38 2936.91 2937.83 2936.7 
2937.83 2933.96 2938.23 2937.99 2939.65 2937.3 2937.56 2934.14 
2939.27 2938.17 2939.29 2938.22 2938.93 2938.15 2939 2938.29 
2936.9 2938.02 2937.01 2935.45 2934.9 2937.74 2933.63 2934.94 
2937.09 2942.38 2938.5 2939.78 2943.21 2940.13 2941.98 2940.89 
2940.67 2941.87 2941.5 2942.71 2937.65 2941.04 2937.52 2939.67 
2940.05 2939.88 2939.03 2940.92 2940.97 2938.59 2938.86 2940.84 
2936.22 2937.69 2939.85 2936.48 2934.76 2939.1 2934.76 2937.8 
2940.27 2936.17 2939.93 2938.35 2941.44 2936.5 2936.12 2940.56 
2939.94 2936.95 2938.03 2938.24 2937.71 2937.83 2938.62 2936.37 
2940.33 2939.57 2934.99 2937.17 2935.69 2936.5 2937.54 2938.27 
2935.17 2933.81 2935.26 2937.29 2934.15 2935.07 2935.96 2933.7 
2943.89 2944.22 2946.77 2946.5 2944.95 2945.31 2945.5 2945.19 
2944.59 2945.42 2945.97 2946.96 2947.78 2945.32 2943.19 2944.45 
2942.79 2940.44 2943.97 2941.12 2942.8 2941.64 2941.57 2942.13 
2942.2 2938.71 2938.2 2936.59 2941.63 2936.21 2940.42 2935.66 
2941.5 2941.06 2942.24 2941.42 2941.42 2940.25 2942.97 2939.6 
2939.94 2939.35 2944.21 2944.13 2942.24 2942.18 2943.54 2941.52 
2944.42 2942.98 2944.85 2939.55 2943.97 2942.21 2945.92 2943.31 
2942.87 2938.63 2941.01 2940.14 2942.32 2940.53 2940.82 2939.74 
2943.6 2939.3 2939.59 2942.98 2938.25 2942.39 2940.79 2940.55 
2939.44 2941.02 2939.26 2942.24 2937.7 2937.13 2935.31 2936.5 

L.vdc.v2.tdc.offsets = 
2940.75 2939.68 2940.5 2937.5 2941.5 2941.81 2943.27 2939.79 
2940.67 2940.55 2942.7 2943.14 2942.13 2940.62 2941.27 2940.44 
2939.97 2938.99 2944.56 2938.88 2944.26 2938.25 2939.22 2940.77 
2937.97 2936.01 2939.08 2937.38 2939.87 2937.23 2939.29 2935.42 
2941.39 2939.38 2943.23 2939.56 2944.14 2940.99 2940.99 2940.19 
2940.5 2936.81 2940.93 2936.95 2939.45 2937.59 2938.47 2936.83 
2941.25 2935.54 2935.97 2939 2935.76 2937.22 2939.67 2939.17 
2937.78 2938.93 2938.7 2934.56 2937.13 2936.54 2939.5 2933.02 
2940.09 2938.11 2938.83 2938.21 2940.02 2940.84 2941.98 2941.5 
2939.47 2939.32 2941.72 2939.14 2938.24 2943.24 2939.35 2937.14 
2940.67 2938.85 2940.5 2937.83 2940.01 2943.65 2941.92 2940.98 
2938.03 2936.71 2941.32 2940.25 2941.12 2937.71 2941.44 2935.99 
2947.55 2943.79 2947.14 2945.47 2948.23 2944.05 2946.88 2946.84 
2947.43 2947.71 2945.33 2948.63 2946.31 2947.97 2944.68 2946.81 
2949.53 2945.31 2945.29 2945.7 2944.5 2943.07 2944.9 2944.74 
2942.17 2940.71 2946.56 2941.13 2940.58 2940 2940.79 2938.42 
2942.41 2940.33 2939.82 2936.25 2939.67 2940.25 2935.64 2938.37 
2936.03 2937.5 2940.06 2936.43 2935.44 2937.44 2933.37 2933.63 
2941.15 2937.06 2937.96 2937.97 2942.75 2938.48 2941.38 2941.19 
2938.94 2935.85 2940.21 2937.9 2936.44 2936.69 2939.37 2934.54 
2940.36 2940.06 2942.1 2940.29 2939 2938.63 2939.6 2940.16 
2939.16 2938.88 2939.6 2937.37 2937.73 2939.99 2938.91 2937.45 
2940.57 2938.81 2940.57 2936.9 2939.82 2939.88 2938.19 2940.63 
2935.66 2933.46 2936.42 2936.12 2937.56 2934.86 2935.12 2933.42 
2947.07 2942.26 2945.17 2940.41 2943.47 2943.85 2940.24 2943.55 
2942.15 2943.16 2944.8 2942.46 2942 2940.07 2940.72 2939.99 
2945.66 2941.99 2941.22 2939.41 2941.23 2939.31 2940.45 2941.45 
2940.71 2939.25 2944.06 2938.55 2939.31 2937.29 2940.53 2937.5 
2944.03 2941.44 2941.62 2942.81 2940.63 2940.3 2943.85 2941.05 
2944.7 2942.15 2943.03 2942.35 2942.01 2941.18 2941.87 2942.56 
2940.5 2941.91 2944.92 2945.04 2945.26 2942.67 2941.74 2943.65 
2941.31 2944.37 2941.56 2941.76 2940 2940.59 2938.8 2937.16 
2945.93 2942.69 2944.2 2941.39 2943.96 2944.5 2942.53 2944.55 
2944.18 2942.36 2944.25 2943.77 2940.28 2943.01 2942.61 2939.83 
2942.99 2939.85 2942.45 2942.21 2944.56 2942.55 2945.33 2942.95 
2939.57 2938.12 2942.9 2938.5 2939.9 2940.87 2941.55 2937.8 
2948.93 2946.18 2950.76 2947.34 2950.72 2950.71 2947.64 2951.01 
2948.54 2948.1 2947.89 2946.83 2947.7 2948.77 2944.74 2944.67 
2945.73 2946.62 2942.89 2946.39 2948.56 2944.55 2945.77 2945.25 
2945.4 2945.38 2945.44 2944.4 2943.21 2945.06 2943.98 2939.82 
2948.69 2944.58 2946.65 2947 2947.77 2944.93 2945.5 2948.3 
2945.21 2946.5 2950.15 2947.64 2948 2947.6 2946.86 2946.28 
2949.93 2948.69 2951.97 2947.13 2949.79 2948.91 2948.19 2950.32 
2947.77 2947.19 2948.41 2946.74 2950.69 2947.45 2945.97 2943.94 
2946.4 2938.76 2943.72 2945.97 2941.6 2943.92 2941.71 2939.07 
2940.28 2940.32 2944.9 2941.36 2943.45 2940.59 2946.33 2941.5 

